   -3.85116e+00   -4.73522e+00   -5.48516e+00   -6.43850e+00   -7.31938e+00   -7.84742e+00   -8.63521e+00   -9.22105e+00   -9.62598e+00   -1.02271e+01   -1.06877e+01   -1.09347e+01   -1.11580e+01   -1.11909e+01   -1.12096e+01   -1.13003e+01   -1.12293e+01   -1.11525e+01   -1.09982e+01   -1.06201e+01   -1.03282e+01   -1.00481e+01   -9.64002e+00   -9.29983e+00   -8.82371e+00   -8.24699e+00   -7.76926e+00   -7.01426e+00   -6.20880e+00   -5.53201e+00   -4.71660e+00   -4.02998e+00   -3.33312e+00   -2.53436e+00   -1.84484e+00   -1.12066e+00   -3.99123e-01    1.68605e-01    5.95096e-01    1.12096e+00    1.67615e+00    2.15112e+00    2.67100e+00    3.26434e+00    3.79523e+00    4.33207e+00    4.80971e+00    5.27160e+00    5.86194e+00    6.51795e+00    6.95794e+00    7.15958e+00    7.15785e+00    7.21664e+00    7.26768e+00    7.36226e+00    7.52095e+00    7.58950e+00    7.68284e+00    7.76881e+00    7.88535e+00    7.92388e+00    8.03938e+00    8.17950e+00    8.22385e+00    8.28642e+00    8.33333e+00    8.42882e+00    8.51314e+00    8.53615e+00    8.56592e+00    8.60261e+00    8.67261e+00    8.72380e+00    8.72612e+00    8.67465e+00    8.66150e+00    8.62073e+00    8.61904e+00    8.62071e+00
   -3.84675e+00   -4.73585e+00   -5.48593e+00   -6.43966e+00   -7.32126e+00   -7.84962e+00   -8.63702e+00   -9.22297e+00   -9.62782e+00   -1.02289e+01   -1.06896e+01   -1.09365e+01   -1.11598e+01   -1.11928e+01   -1.12114e+01   -1.13021e+01   -1.12312e+01   -1.11543e+01   -1.10000e+01   -1.06220e+01   -1.03301e+01   -1.00500e+01   -9.64191e+00   -9.30175e+00   -8.82563e+00   -8.24885e+00   -7.77164e+00   -7.01611e+00   -6.21024e+00   -5.53316e+00   -4.71582e+00   -4.04309e+00   -3.32887e+00   -2.52014e+00   -1.82890e+00   -1.08794e+00   -3.87172e-01    1.72221e-01    6.09257e-01    1.14175e+00    1.68536e+00    2.15309e+00    2.66915e+00    3.26249e+00    3.79338e+00    4.33022e+00    4.80786e+00    5.26975e+00    5.86009e+00    6.51610e+00    6.95609e+00    7.15773e+00    7.15601e+00    7.21479e+00    7.26583e+00    7.36041e+00    7.51910e+00    7.58765e+00    7.68099e+00    7.76696e+00    7.88350e+00    7.92203e+00    8.03753e+00    8.17765e+00    8.22201e+00    8.28457e+00    8.33148e+00    8.42697e+00    8.51129e+00    8.53430e+00    8.56407e+00    8.60077e+00    8.67076e+00    8.72195e+00    8.72427e+00    8.67280e+00    8.65965e+00    8.61888e+00    8.61719e+00    8.61886e+00
   -3.84257e+00   -4.73266e+00   -5.48738e+00   -6.44015e+00   -7.32138e+00   -7.84908e+00   -8.63693e+00   -9.22272e+00   -9.62755e+00   -1.02286e+01   -1.06893e+01   -1.09362e+01   -1.11595e+01   -1.11925e+01   -1.12111e+01   -1.13018e+01   -1.12308e+01   -1.11540e+01   -1.09997e+01   -1.06217e+01   -1.03298e+01   -1.00497e+01   -9.64164e+00   -9.30154e+00   -8.82528e+00   -8.24850e+00   -7.77150e+00   -7.01530e+00   -6.21252e+00   -5.53189e+00   -4.72150e+00   -4.03845e+00   -3.33200e+00   -2.54349e+00   -1.83664e+00   -1.10128e+00   -3.80329e-01    1.65044e-01    6.09484e-01    1.14052e+00    1.68668e+00    2.15305e+00    2.66946e+00    3.26339e+00    3.81846e+00    4.33053e+00    4.80816e+00    5.27006e+00    5.86040e+00    6.51641e+00    6.95640e+00    7.15804e+00    7.15631e+00    7.21510e+00    7.26614e+00    7.36072e+00    7.51941e+00    7.58795e+00    7.68130e+00    7.76727e+00    7.88381e+00    7.92234e+00    8.03783e+00    8.17796e+00    8.22231e+00    8.28488e+00    8.33179e+00    8.42728e+00    8.51160e+00    8.53461e+00    8.56438e+00    8.60107e+00    8.67107e+00    8.72226e+00    8.72458e+00    8.67311e+00    8.65996e+00    8.61919e+00    8.61750e+00    8.61917e+00
   -3.84606e+00   -4.73424e+00   -5.48774e+00   -6.43840e+00   -7.31959e+00   -7.84765e+00   -8.63538e+00   -9.22125e+00   -9.62609e+00   -1.02271e+01   -1.06878e+01   -1.09348e+01   -1.11581e+01   -1.11910e+01   -1.12097e+01   -1.13004e+01   -1.12294e+01   -1.11526e+01   -1.09983e+01   -1.06202e+01   -1.03284e+01   -1.00483e+01   -9.64021e+00   -9.30009e+00   -8.82387e+00   -8.24719e+00   -7.76987e+00   -7.01441e+00   -6.20982e+00   -5.53043e+00   -4.72295e+00   -4.04407e+00   -3.36057e+00   -2.52666e+00   -1.84828e+00   -1.11142e+00   -3.93821e-01    1.68209e-01    5.97183e-01    1.13802e+00    1.67483e+00    2.16210e+00    2.66451e+00    3.28436e+00    3.79182e+00    4.33196e+00    4.80959e+00    5.27149e+00    5.84970e+00    6.51784e+00    6.96410e+00    7.15947e+00    7.15774e+00    7.21653e+00    7.26757e+00    7.36215e+00    7.52084e+00    7.58939e+00    7.68273e+00    7.76870e+00    7.88524e+00    7.92377e+00    8.03927e+00    8.17939e+00    8.22374e+00    8.28631e+00    8.33322e+00    8.42871e+00    8.51303e+00    8.53604e+00    8.56581e+00    8.60250e+00    8.67250e+00    8.72369e+00    8.72601e+00    8.67454e+00    8.66139e+00    8.62062e+00    8.61893e+00    8.62060e+00
   -3.85748e+00   -4.74441e+00   -5.48643e+00   -6.43853e+00   -7.31940e+00   -7.84746e+00   -8.63536e+00   -9.22102e+00   -9.62590e+00   -1.02269e+01   -1.06876e+01   -1.09346e+01   -1.11579e+01   -1.11909e+01   -1.12095e+01   -1.13002e+01   -1.12292e+01   -1.11524e+01   -1.09981e+01   -1.06201e+01   -1.03281e+01   -1.00481e+01   -9.64005e+00   -9.29991e+00   -8.82372e+00   -8.24703e+00   -7.76952e+00   -7.01436e+00   -6.20944e+00   -5.52653e+00   -4.72325e+00   -4.03577e+00   -3.34387e+00   -2.52942e+00   -1.82920e+00   -1.11381e+00   -3.82718e-01    1.57970e-01    5.90880e-01    1.14146e+00    1.67503e+00    2.16374e+00    2.67186e+00    3.25245e+00    3.79764e+00    4.31730e+00    4.80979e+00    5.27168e+00    5.84990e+00    6.51804e+00    6.96429e+00    7.15966e+00    7.15794e+00    7.21672e+00    7.26776e+00    7.36234e+00    7.52103e+00    7.58958e+00    7.68293e+00    7.76889e+00    7.88543e+00    7.92396e+00    8.03946e+00    8.17958e+00    8.22394e+00    8.28651e+00    8.33341e+00    8.42890e+00    8.51323e+00    8.53624e+00    8.56600e+00    8.60270e+00    8.67269e+00    8.72389e+00    8.72621e+00    8.67473e+00    8.66158e+00    8.62081e+00    8.61913e+00    8.62080e+00
   -3.86092e+00   -4.74678e+00   -5.48750e+00   -6.44010e+00   -7.32022e+00   -7.84790e+00   -8.63597e+00   -9.22161e+00   -9.62654e+00   -1.02276e+01   -1.06883e+01   -1.09352e+01   -1.11585e+01   -1.11915e+01   -1.12101e+01   -1.13008e+01   -1.12299e+01   -1.11530e+01   -1.09987e+01   -1.06207e+01   -1.03288e+01   -1.00487e+01   -9.64062e+00   -9.30053e+00   -8.82428e+00   -8.24748e+00   -7.76995e+00   -7.01548e+00   -6.20863e+00   -5.53052e+00   -4.71996e+00   -4.03791e+00   -3.34017e+00   -2.52668e+00   -1.81661e+00   -1.10269e+00   -3.96775e-01    1.80312e-01    5.90159e-01    1.12976e+00    1.68571e+00    2.15260e+00    2.67125e+00    3.28232e+00    3.79703e+00    4.31668e+00    4.79463e+00    5.27107e+00    5.84928e+00    6.51742e+00    6.96367e+00    7.15904e+00    7.16468e+00    7.21611e+00    7.26715e+00    7.36172e+00    7.52041e+00    7.58896e+00    7.68231e+00    7.76828e+00    7.88482e+00    7.92335e+00    8.03884e+00    8.17896e+00    8.22332e+00    8.28589e+00    8.33279e+00    8.42829e+00    8.51261e+00    8.53562e+00    8.56539e+00    8.60208e+00    8.67207e+00    8.72327e+00    8.72559e+00    8.67411e+00    8.66097e+00    8.62019e+00    8.61851e+00    8.62018e+00
   -3.84620e+00   -4.74580e+00   -5.48702e+00   -6.44050e+00   -7.32012e+00   -7.84757e+00   -8.63558e+00   -9.22139e+00   -9.62638e+00   -1.02274e+01   -1.06881e+01   -1.09350e+01   -1.11583e+01   -1.11913e+01   -1.12099e+01   -1.13006e+01   -1.12297e+01   -1.11528e+01   -1.09985e+01   -1.06205e+01   -1.03286e+01   -1.00485e+01   -9.64042e+00   -9.30034e+00   -8.82392e+00   -8.24704e+00   -7.77007e+00   -7.01504e+00   -6.20938e+00   -5.52793e+00   -4.72158e+00   -4.03663e+00   -3.36223e+00   -2.52764e+00   -1.81666e+00   -1.09886e+00   -3.93081e-01    1.43532e-01    6.06013e-01    1.14397e+00    1.67319e+00    2.14637e+00    2.67145e+00    3.27911e+00    3.80451e+00    4.32386e+00    4.79484e+00    5.27127e+00    5.84948e+00    6.51762e+00    6.96388e+00    7.15924e+00    7.16488e+00    7.21631e+00    7.26735e+00    7.36192e+00    7.52062e+00    7.58916e+00    7.68251e+00    7.76848e+00    7.88502e+00    7.92355e+00    8.03904e+00    8.17916e+00    8.22352e+00    8.28609e+00    8.33299e+00    8.42849e+00    8.51281e+00    8.53582e+00    8.56559e+00    8.60228e+00    8.67227e+00    8.72347e+00    8.72579e+00    8.67431e+00    8.66117e+00    8.62039e+00    8.61871e+00    8.62038e+00
   -3.85847e+00   -4.74659e+00   -5.48863e+00   -6.44025e+00   -7.31981e+00   -7.84694e+00   -8.63498e+00   -9.22070e+00   -9.62556e+00   -1.02266e+01   -1.06873e+01   -1.09343e+01   -1.11575e+01   -1.11905e+01   -1.12092e+01   -1.12999e+01   -1.12289e+01   -1.11520e+01   -1.09977e+01   -1.06197e+01   -1.03278e+01   -1.00478e+01   -9.63966e+00   -9.29963e+00   -8.82304e+00   -8.24626e+00   -7.76937e+00   -7.01409e+00   -6.21037e+00   -5.52943e+00   -4.71549e+00   -4.02973e+00   -3.36061e+00   -2.52639e+00   -1.85875e+00   -1.11861e+00   -3.98638e-01    1.71058e-01    5.93626e-01    1.13595e+00    1.67104e+00    2.13960e+00    2.67038e+00    3.27986e+00    3.79683e+00    4.32461e+00    4.79559e+00    5.27202e+00    5.88463e+00    6.51837e+00    6.96463e+00    7.15999e+00    7.16563e+00    7.21706e+00    7.26810e+00    7.36268e+00    7.52137e+00    7.58991e+00    7.68326e+00    7.76923e+00    7.88577e+00    7.92430e+00    8.03979e+00    8.17991e+00    8.22427e+00    8.28684e+00    8.33374e+00    8.42924e+00    8.51356e+00    8.53657e+00    8.56634e+00    8.60303e+00    8.67303e+00    8.72422e+00    8.72654e+00    8.67506e+00    8.66192e+00    8.62115e+00    8.61946e+00    8.62113e+00
   -3.84304e+00   -4.74283e+00   -5.48925e+00   -6.44138e+00   -7.32062e+00   -7.84757e+00   -8.63582e+00   -9.22154e+00   -9.62639e+00   -1.02275e+01   -1.06882e+01   -1.09351e+01   -1.11584e+01   -1.11914e+01   -1.12101e+01   -1.13007e+01   -1.12298e+01   -1.11529e+01   -1.09986e+01   -1.06206e+01   -1.03287e+01   -1.00486e+01   -9.64054e+00   -9.30052e+00   -8.82394e+00   -8.24739e+00   -7.77030e+00   -7.01539e+00   -6.21057e+00   -5.53403e+00   -4.72007e+00   -4.03574e+00   -3.35170e+00   -2.52628e+00   -1.82669e+00   -1.09846e+00   -3.81350e-01    1.61217e-01    6.05252e-01    1.14628e+00    1.68216e+00    2.16342e+00    2.66621e+00    3.26022e+00    3.79597e+00    4.31283e+00    4.79472e+00    5.27115e+00    5.84324e+00    6.51750e+00    6.96376e+00    7.15913e+00    7.16476e+00    7.21619e+00    7.26723e+00    7.36181e+00    7.52050e+00    7.58905e+00    7.68240e+00    7.76836e+00    7.88490e+00    7.92343e+00    8.03893e+00    8.17905e+00    8.22341e+00    8.28598e+00    8.33288e+00    8.42837e+00    8.51270e+00    8.53571e+00    8.56547e+00    8.60217e+00    8.67216e+00    8.72336e+00    8.72568e+00    8.67420e+00    8.66105e+00    8.62028e+00    8.61860e+00    8.62026e+00
   -3.82625e+00   -4.73885e+00   -5.49063e+00   -6.44070e+00   -7.32036e+00   -7.84726e+00   -8.63562e+00   -9.22137e+00   -9.62618e+00   -1.02273e+01   -1.06880e+01   -1.09349e+01   -1.11582e+01   -1.11912e+01   -1.12099e+01   -1.13005e+01   -1.12296e+01   -1.11527e+01   -1.09984e+01   -1.06204e+01   -1.03285e+01   -1.00484e+01   -9.64036e+00   -9.30032e+00   -8.82367e+00   -8.24703e+00   -7.76985e+00   -7.01589e+00   -6.21031e+00   -5.52830e+00   -4.71731e+00   -4.04468e+00   -3.33837e+00   -2.53130e+00   -1.84020e+00   -1.10408e+00   -3.90871e-01    1.53926e-01    5.99074e-01    1.13926e+00    1.67524e+00    2.15170e+00    2.66640e+00    3.27010e+00    3.79617e+00    4.33079e+00    4.79492e+00    5.27135e+00    5.84343e+00    6.51770e+00    6.96396e+00    7.15933e+00    7.16496e+00    7.21639e+00    7.26743e+00    7.36201e+00    7.52070e+00    7.58925e+00    7.68259e+00    7.76856e+00    7.88510e+00    7.92363e+00    8.03913e+00    8.17925e+00    8.22360e+00    8.28617e+00    8.33308e+00    8.42857e+00    8.51289e+00    8.53590e+00    8.56567e+00    8.60236e+00    8.67236e+00    8.72355e+00    8.72587e+00    8.67440e+00    8.66125e+00    8.62048e+00    8.61879e+00    8.62046e+00
