    5.09517e+03    3.76665e+02    5.01817e+01    1.08977e+01    4.83246e+00    3.01459e+00    4.03951e+00    1.35802e+01    4.33129e+01    2.29051e+02    2.07683e+03    1.00770e+04    8.76327e+04    5.34491e+05    2.53296e+06    6.66334e+06    3.21900e+07    3.89842e+07    1.40036e+08    2.27643e+08    3.25354e+08    4.37747e+08    5.37512e+08    6.24769e+08    1.01375e+09
    5.10879e+03    3.76745e+02    5.01794e+01    1.08978e+01    4.83249e+00    3.01460e+00    4.03953e+00    1.35799e+01    4.33100e+01    2.29010e+02    2.07719e+03    1.01102e+04    8.93353e+04    5.42459e+05    2.54965e+06    6.67782e+06    3.21928e+07    3.90164e+07    1.40038e+08    2.27643e+08    3.25354e+08    4.37747e+08    5.37512e+08    6.24769e+08    1.01375e+09
    5.11910e+03    3.76566e+02    5.01753e+01    1.08979e+01    4.83252e+00    3.01463e+00    4.03955e+00    1.35798e+01    4.33093e+01    2.28984e+02    2.07419e+03    1.00590e+04    8.85551e+04    5.41503e+05    2.55124e+06    6.70549e+06    3.22923e+07    3.91094e+07    1.40073e+08    2.27645e+08    3.25356e+08    4.37750e+08    5.37515e+08    6.24773e+08    1.01376e+09
    5.10298e+03    3.76604e+02    5.01785e+01    1.08978e+01    4.83254e+00    3.01462e+00    4.03959e+00    1.35797e+01    4.33086e+01    2.28984e+02    2.07099e+03    9.96749e+03    8.78009e+04    5.37375e+05    2.54634e+06    6.68981e+06    3.21786e+07    3.90112e+07    1.40015e+08    2.27646e+08    3.25356e+08    4.37749e+08    5.37515e+08    6.24772e+08    1.01376e+09
    5.06322e+03    3.76566e+02    5.01763e+01    1.08979e+01    4.83252e+00    3.01462e+00    4.03960e+00    1.35800e+01    4.33077e+01    2.28999e+02    2.07565e+03    1.00431e+04    8.83016e+04    5.36248e+05    2.54413e+06    6.65415e+06    3.20552e+07    3.88918e+07    1.39968e+08    2.27645e+08    3.25357e+08    4.37751e+08    5.37517e+08    6.24774e+08    1.01376e+09
    5.05432e+03    3.76420e+02    5.01773e+01    1.08977e+01    4.83251e+00    3.01462e+00    4.03961e+00    1.35800e+01    4.33098e+01    2.29008e+02    2.07553e+03    1.00699e+04    8.88859e+04    5.37510e+05    2.54729e+06    6.68160e+06    3.20274e+07    3.89189e+07    1.40026e+08    2.27676e+08    3.25359e+08    4.37750e+08    5.37516e+08    6.24774e+08    1.01376e+09
    5.07815e+03    3.76359e+02    5.01814e+01    1.08976e+01    4.83251e+00    3.01462e+00    4.03960e+00    1.35799e+01    4.33133e+01    2.28990e+02    2.07580e+03    1.00075e+04    8.86770e+04    5.36852e+05    2.53993e+06    6.68210e+06    3.20846e+07    3.89513e+07    1.40048e+08    2.27677e+08    3.25359e+08    4.37750e+08    5.37517e+08    6.24774e+08    1.01376e+09
    5.05245e+03    3.76158e+02    5.01774e+01    1.08978e+01    4.83253e+00    3.01463e+00    4.03962e+00    1.35797e+01    4.33149e+01    2.28963e+02    2.07769e+03    1.00042e+04    8.73163e+04    5.35621e+05    2.52810e+06    6.66198e+06    3.21718e+07    3.90140e+07    1.40245e+08    2.27693e+08    3.25360e+08    4.37752e+08    5.37518e+08    6.24776e+08    1.01376e+09
    5.08761e+03    3.76175e+02    5.01799e+01    1.08978e+01    4.83255e+00    3.01463e+00    4.03961e+00    1.35798e+01    4.33126e+01    2.28920e+02    2.07185e+03    1.00355e+04    8.88317e+04    5.40457e+05    2.55039e+06    6.65418e+06    3.19285e+07    3.88219e+07    1.39962e+08    2.27674e+08    3.25361e+08    4.37753e+08    5.37519e+08    6.24777e+08    1.01376e+09
    5.11948e+03    3.76215e+02    5.01796e+01    1.08976e+01    4.83254e+00    3.01462e+00    4.03960e+00    1.35797e+01    4.33144e+01    2.28913e+02    2.07650e+03    1.00373e+04    8.81741e+04    5.36483e+05    2.53761e+06    6.66376e+06    3.20433e+07    3.88946e+07    1.40006e+08    2.27674e+08    3.25359e+08    4.37750e+08    5.37516e+08    6.24773e+08    1.01376e+09
