    5.86906e-05    1.42074e-04    3.00752e-04    7.80260e-04    1.88278e-03    3.19245e-03    7.01869e-03    1.26092e-02    1.89035e-02    3.44814e-02    5.46571e-02    6.99697e-02    8.74750e-02    9.04063e-02    9.21065e-02    1.00853e-01    9.39431e-02    8.69927e-02    7.45561e-02    5.10854e-02    3.81524e-02    2.88327e-02    1.91708e-02    1.36426e-02    8.47465e-03    4.76051e-03    2.95243e-03    1.38768e-03    6.20125e-04    3.15177e-04    1.39453e-04    7.01827e-05    3.49614e-05    1.57287e-05    7.89287e-06    3.82588e-06    1.85939e-06    1.05392e-06    6.87997e-07    4.06636e-07    2.33394e-07    1.45149e-07    8.63042e-08    4.76812e-08    2.80404e-08    1.63922e-08    1.01673e-08    6.40630e-09    3.54998e-09    1.84214e-09    1.18642e-09    9.69770e-10    9.71441e-10    9.15982e-10    8.70404e-10    7.91855e-10    6.75658e-10    6.30895e-10    5.74669e-10    5.27330e-10    4.69321e-10    4.51581e-10    4.02325e-10    3.49722e-10    3.34548e-10    3.14257e-10    2.99858e-10    2.72548e-10    2.50508e-10    2.44810e-10    2.37630e-10    2.29068e-10    2.13584e-10    2.02924e-10    2.02454e-10    2.13148e-10    2.15969e-10    2.24957e-10    2.25336e-10    2.24960e-10
    5.83246e-05    1.41900e-04    3.00426e-04    7.79724e-04    1.88285e-03    3.19358e-03    7.01847e-03    1.26099e-02    1.89033e-02    3.44809e-02    5.46568e-02    6.99689e-02    8.74748e-02    9.04059e-02    9.21063e-02    1.00853e-01    9.39425e-02    8.69931e-02    7.45547e-02    5.10850e-02    3.81533e-02    2.88330e-02    1.91716e-02    1.36435e-02    8.47521e-03    4.76060e-03    2.95399e-03    1.38768e-03    6.19876e-04    3.14955e-04    1.39086e-04    7.09775e-05    3.47489e-05    1.54779e-05    7.75377e-06    3.69586e-06    1.83390e-06    1.04818e-06    6.77069e-07    3.97533e-07    2.30828e-07    1.44596e-07    8.63042e-08    4.76812e-08    2.80404e-08    1.63922e-08    1.01673e-08    6.40630e-09    3.54998e-09    1.84214e-09    1.18642e-09    9.69770e-10    9.71441e-10    9.15982e-10    8.70404e-10    7.91855e-10    6.75658e-10    6.30895e-10    5.74669e-10    5.27330e-10    4.69321e-10    4.51581e-10    4.02325e-10    3.49722e-10    3.34548e-10    3.14257e-10    2.99858e-10    2.72548e-10    2.50508e-10    2.44810e-10    2.37630e-10    2.29068e-10    2.13584e-10    2.02924e-10    2.02454e-10    2.13148e-10    2.15969e-10    2.24957e-10    2.25336e-10    2.24960e-10
    5.80991e-05    1.41491e-04    3.00954e-04    7.80335e-04    1.88363e-03    3.19281e-03    7.01993e-03    1.26106e-02    1.89040e-02    3.44798e-02    5.46567e-02    6.99693e-02    8.74738e-02    9.04052e-02    9.21055e-02    1.00851e-01    9.39415e-02    8.69920e-02    7.45543e-02    5.10853e-02    3.81531e-02    2.88334e-02    1.91721e-02    1.36448e-02    8.47485e-03    4.76037e-03    2.95447e-03    1.38697e-03    6.21476e-04    3.14652e-04    1.39921e-04    7.06707e-05    3.48684e-05    1.58484e-05    7.81632e-06    3.74663e-06    1.82195e-06    1.05605e-06    6.77120e-07    3.98143e-07    2.30593e-07    1.44645e-07    8.63036e-08    4.76528e-08    2.73543e-08    1.63921e-08    1.01672e-08    6.40626e-09    3.54996e-09    1.84213e-09    1.18642e-09    9.69764e-10    9.71435e-10    9.15977e-10    8.70398e-10    7.91850e-10    6.75654e-10    6.30891e-10    5.74665e-10    5.27326e-10    4.69318e-10    4.51578e-10    4.02322e-10    3.49720e-10    3.34546e-10    3.14255e-10    2.99856e-10    2.72546e-10    2.50507e-10    2.44808e-10    2.37629e-10    2.29067e-10    2.13582e-10    2.02923e-10    2.02453e-10    2.13147e-10    2.15968e-10    2.24955e-10    2.25334e-10    2.24959e-10
    5.83857e-05    1.41918e-04    3.01493e-04    7.80092e-04    1.88296e-03    3.19283e-03    7.01912e-03    1.26101e-02    1.89035e-02    3.44807e-02    5.46568e-02    6.99692e-02    8.74729e-02    9.04054e-02    9.21060e-02    1.00852e-01    9.39417e-02    8.69915e-02    7.45526e-02    5.10853e-02    3.81531e-02    2.88336e-02    1.91723e-02    1.36446e-02    8.47499e-03    4.76093e-03    2.95390e-03    1.38772e-03    6.20686e-04    3.14642e-04    1.40324e-04    7.11702e-05    3.59302e-05    1.56062e-05    7.91922e-06    3.79023e-06    1.84934e-06    1.05422e-06    6.86483e-07    3.99711e-07    2.33676e-07    1.43547e-07    8.68566e-08    4.67310e-08    2.81329e-08    1.63921e-08    1.01672e-08    6.40626e-09    3.59326e-09    1.84213e-09    1.17900e-09    9.69765e-10    9.71436e-10    9.15977e-10    8.70399e-10    7.91851e-10    6.75655e-10    6.30892e-10    5.74666e-10    5.27327e-10    4.69318e-10    4.51579e-10    4.02322e-10    3.49720e-10    3.34546e-10    3.14256e-10    2.99856e-10    2.72547e-10    2.50507e-10    2.44808e-10    2.37629e-10    2.29067e-10    2.13582e-10    2.02923e-10    2.02453e-10    2.13147e-10    2.15968e-10    2.24956e-10    2.25334e-10    2.24959e-10
    5.90673e-05    1.43396e-04    3.01156e-04    7.80341e-04    1.88296e-03    3.19282e-03    7.02028e-03    1.26097e-02    1.89035e-02    3.44803e-02    5.46569e-02    6.99690e-02    8.74730e-02    9.04067e-02    9.21068e-02    1.00851e-01    9.39419e-02    8.69917e-02    7.45523e-02    5.10853e-02    3.81516e-02    2.88328e-02    1.91728e-02    1.36447e-02    8.47535e-03    4.76110e-03    2.95342e-03    1.38792e-03    6.20573e-04    3.13477e-04    1.40393e-04    7.05955e-05    3.53419e-05    1.56523e-05    7.77104e-06    3.80002e-06    1.82927e-06    1.06527e-06    6.90955e-07    3.98415e-07    2.33675e-07    1.43339e-07    8.62365e-08    4.82555e-08    2.79750e-08    1.66374e-08    1.01672e-08    6.40624e-09    3.59325e-09    1.84213e-09    1.17900e-09    9.69762e-10    9.71432e-10    9.15974e-10    8.70396e-10    7.91848e-10    6.75652e-10    6.30890e-10    5.74664e-10    5.27325e-10    4.69317e-10    4.51577e-10    4.02321e-10    3.49719e-10    3.34545e-10    3.14255e-10    2.99855e-10    2.72546e-10    2.50506e-10    2.44808e-10    2.37628e-10    2.29066e-10    2.13582e-10    2.02922e-10    2.02452e-10    2.13147e-10    2.15968e-10    2.24955e-10    2.25334e-10    2.24959e-10
    5.92343e-05    1.43648e-04    3.01292e-04    7.81088e-04    1.88335e-03    3.19227e-03    7.02026e-03    1.26094e-02    1.89038e-02    3.44808e-02    5.46574e-02    6.99696e-02    8.74732e-02    9.04063e-02    9.21067e-02    1.00851e-01    9.39423e-02    8.69912e-02    7.45514e-02    5.10856e-02    3.81527e-02    2.88324e-02    1.91719e-02    1.36448e-02    8.47491e-03    4.76027e-03    2.95286e-03    1.38862e-03    6.19684e-04    3.14536e-04    1.39846e-04    7.07032e-05    3.51896e-05    1.56000e-05    7.66903e-06    3.75569e-06    1.85403e-06    1.04109e-06    6.91028e-07    4.02858e-07    2.31049e-07    1.44856e-07    8.62365e-08    4.68061e-08    2.79750e-08    1.66374e-08    1.03161e-08    6.40625e-09    3.59325e-09    1.84213e-09    1.17900e-09    9.69762e-10    9.64313e-10    9.15975e-10    8.70397e-10    7.91849e-10    6.75653e-10    6.30890e-10    5.74664e-10    5.27326e-10    4.69317e-10    4.51578e-10    4.02322e-10    3.49719e-10    3.34546e-10    3.14255e-10    2.99856e-10    2.72546e-10    2.50506e-10    2.44808e-10    2.37629e-10    2.29067e-10    2.13582e-10    2.02923e-10    2.02452e-10    2.13147e-10    2.15968e-10    2.24955e-10    2.25334e-10    2.24959e-10
    5.83804e-05    1.43536e-04    3.01209e-04    7.81558e-04    1.88353e-03    3.19186e-03    7.01889e-03    1.26092e-02    1.89047e-02    3.44810e-02    5.46589e-02    6.99691e-02    8.74728e-02    9.04072e-02    9.21071e-02    1.00851e-01    9.39422e-02    8.69917e-02    7.45509e-02    5.10862e-02    3.81532e-02    2.88325e-02    1.91719e-02    1.36449e-02    8.47352e-03    4.75917e-03    2.95382e-03    1.38828e-03    6.20273e-04    3.13786e-04    1.40101e-04    7.06273e-05    3.59820e-05    1.56180e-05    7.67094e-06    3.74209e-06    1.84756e-06    1.08031e-06    6.80295e-07    3.97252e-07    2.34008e-07    1.45790e-07    8.62365e-08    4.69662e-08    2.77720e-08    1.65217e-08    1.03161e-08    6.40624e-09    3.59325e-09    1.84213e-09    1.17900e-09    9.69762e-10    9.64313e-10    9.15975e-10    8.70396e-10    7.91848e-10    6.75653e-10    6.30890e-10    5.74664e-10    5.27325e-10    4.69317e-10    4.51577e-10    4.02321e-10    3.49719e-10    3.34545e-10    3.14255e-10    2.99855e-10    2.72546e-10    2.50506e-10    2.44808e-10    2.37628e-10    2.29066e-10    2.13582e-10    2.02923e-10    2.02452e-10    2.13147e-10    2.15968e-10    2.24955e-10    2.25334e-10    2.24959e-10
    5.91454e-05    1.43756e-04    3.01919e-04    7.81945e-04    1.88435e-03    3.19223e-03    7.01992e-03    1.26098e-02    1.89034e-02    3.44808e-02    5.46574e-02    6.99687e-02    8.74722e-02    9.04071e-02    9.21074e-02    1.00850e-01    9.39417e-02    8.69905e-02    7.45505e-02    5.10864e-02    3.81533e-02    2.88339e-02    1.91717e-02    1.36454e-02    8.47245e-03    4.75899e-03    2.95395e-03    1.38801e-03    6.21354e-04    3.14491e-04    1.39355e-04    7.01939e-05    3.59504e-05    1.56101e-05    8.00674e-06    3.81957e-06    1.85924e-06    1.05177e-06    6.89288e-07    4.00748e-07    2.34685e-07    1.46890e-07    8.63927e-08    4.69660e-08    2.80069e-08    1.65216e-08    1.03160e-08    6.40622e-09    3.47173e-09    1.84212e-09    1.17899e-09    9.69758e-10    9.64309e-10    9.15971e-10    8.70393e-10    7.91846e-10    6.75650e-10    6.30888e-10    5.74662e-10    5.27324e-10    4.69315e-10    4.51576e-10    4.02320e-10    3.49718e-10    3.34544e-10    3.14254e-10    2.99854e-10    2.72545e-10    2.50505e-10    2.44807e-10    2.37628e-10    2.29066e-10    2.13581e-10    2.02922e-10    2.02451e-10    2.13146e-10    2.15967e-10    2.24954e-10    2.25333e-10    2.24958e-10
    5.81896e-05    1.43093e-04    3.01845e-04    7.82145e-04    1.88424e-03    3.19145e-03    7.01975e-03    1.26094e-02    1.89027e-02    3.44813e-02    5.46575e-02    6.99679e-02    8.74714e-02    9.04077e-02    9.21083e-02    1.00849e-01    9.39416e-02    8.69914e-02    7.45506e-02    5.10868e-02    3.81524e-02    2.88332e-02    1.91720e-02    1.36457e-02    8.47268e-03    4.76022e-03    2.95416e-03    1.38861e-03    6.20937e-04    3.15669e-04    1.39874e-04    7.05555e-05    3.56007e-05    1.55949e-05    7.74738e-06    3.74015e-06    1.82579e-06    1.06125e-06    6.80732e-07    3.96289e-07    2.31889e-07    1.43309e-07    8.66790e-08    4.78560e-08    2.80069e-08    1.67029e-08    1.03160e-08    6.40621e-09    3.61532e-09    1.84212e-09    1.17899e-09    9.69757e-10    9.64307e-10    9.15970e-10    8.70392e-10    7.91844e-10    6.75649e-10    6.30886e-10    5.74661e-10    5.27323e-10    4.69314e-10    4.51575e-10    4.02319e-10    3.49717e-10    3.34544e-10    3.14253e-10    2.99854e-10    2.72544e-10    2.50505e-10    2.44806e-10    2.37627e-10    2.29065e-10    2.13581e-10    2.02921e-10    2.02451e-10    2.13146e-10    2.15966e-10    2.24954e-10    2.25333e-10    2.24957e-10
    5.72324e-05    1.42554e-04    3.02323e-04    7.81771e-04    1.88413e-03    3.19111e-03    7.01981e-03    1.26098e-02    1.89025e-02    3.44825e-02    5.46578e-02    6.99675e-02    8.74715e-02    9.04085e-02    9.21091e-02    1.00849e-01    9.39420e-02    8.69921e-02    7.45510e-02    5.10862e-02    3.81532e-02    2.88331e-02    1.91724e-02    1.36458e-02    8.47212e-03    4.75947e-03    2.95340e-03    1.38958e-03    6.20902e-04    3.13928e-04    1.39515e-04    7.12036e-05    3.51364e-05    1.56766e-05    7.85431e-06    3.76197e-06    1.84363e-06    1.06923e-06    6.85088e-07    3.99160e-07    2.33546e-07    1.45028e-07    8.66795e-08    4.73954e-08    2.80071e-08    1.64091e-08    1.03161e-08    6.40625e-09    3.61535e-09    1.84213e-09    1.17900e-09    9.69763e-10    9.64314e-10    9.15976e-10    8.70397e-10    7.91849e-10    6.75653e-10    6.30890e-10    5.74664e-10    5.27326e-10    4.69317e-10    4.51578e-10    4.02322e-10    3.49720e-10    3.34546e-10    3.14255e-10    2.99856e-10    2.72546e-10    2.50506e-10    2.44808e-10    2.37629e-10    2.29067e-10    2.13582e-10    2.02923e-10    2.02452e-10    2.13147e-10    2.15968e-10    2.24955e-10    2.25334e-10    2.24959e-10
