    1.17381e-03    2.84148e-03    6.01503e-03    1.56052e-02    3.76555e-02    6.38489e-02    1.40374e-01    2.52183e-01    3.78071e-01    6.89629e-01    1.09314e+00    1.39939e+00    1.74950e+00    1.80813e+00    1.84213e+00    2.01705e+00    1.87886e+00    1.73985e+00    1.49112e+00    1.02171e+00    7.63047e-01    5.76655e-01    3.83415e-01    2.72852e-01    1.69493e-01    9.52103e-02    5.90486e-02    2.77535e-02    1.24025e-02    6.30353e-03    2.78906e-03    1.40365e-03    6.99229e-04    3.14573e-04    1.57857e-04    7.65175e-05    3.71878e-05    2.10785e-05    1.37599e-05    8.13273e-06    4.66789e-06    2.90298e-06    1.72608e-06    9.53624e-07    5.60808e-07    3.27844e-07    2.03346e-07    1.28126e-07    7.09996e-08    3.68428e-08    2.37285e-08    1.93954e-08    1.94288e-08    1.83196e-08    1.74081e-08    1.58371e-08    1.35132e-08    1.26179e-08    1.14934e-08    1.05466e-08    9.38642e-09    9.03162e-09    8.04649e-09    6.99444e-09    6.69096e-09    6.28515e-09    5.99716e-09    5.45096e-09    5.01016e-09    4.89619e-09    4.75261e-09    4.58137e-09    4.27167e-09    4.05848e-09    4.04908e-09    4.26297e-09    4.31939e-09    4.49914e-09    4.50671e-09    4.49921e-09
    1.16649e-03    2.83800e-03    6.00852e-03    1.55945e-02    3.76569e-02    6.38716e-02    1.40369e-01    2.52199e-01    3.78066e-01    6.89619e-01    1.09314e+00    1.39938e+00    1.74950e+00    1.80812e+00    1.84213e+00    2.01705e+00    1.87885e+00    1.73986e+00    1.49109e+00    1.02170e+00    7.63066e-01    5.76660e-01    3.83432e-01    2.72871e-01    1.69504e-01    9.52119e-02    5.90797e-02    2.77536e-02    1.23975e-02    6.29910e-03    2.78172e-03    1.41955e-03    6.94977e-04    3.09558e-04    1.55075e-04    7.39171e-05    3.66781e-05    2.09636e-05    1.35414e-05    7.95065e-06    4.61657e-06    2.89191e-06    1.72608e-06    9.53624e-07    5.60808e-07    3.27844e-07    2.03346e-07    1.28126e-07    7.09996e-08    3.68428e-08    2.37284e-08    1.93954e-08    1.94288e-08    1.83196e-08    1.74081e-08    1.58371e-08    1.35132e-08    1.26179e-08    1.14934e-08    1.05466e-08    9.38642e-09    9.03162e-09    8.04649e-09    6.99444e-09    6.69096e-09    6.28515e-09    5.99716e-09    5.45096e-09    5.01016e-09    4.89619e-09    4.75261e-09    4.58137e-09    4.27167e-09    4.05848e-09    4.04908e-09    4.26297e-09    4.31939e-09    4.49914e-09    4.50671e-09    4.49921e-09
    1.16198e-03    2.82982e-03    6.01907e-03    1.56067e-02    3.76727e-02    6.38562e-02    1.40399e-01    2.52212e-01    3.78080e-01    6.89597e-01    1.09313e+00    1.39939e+00    1.74948e+00    1.80810e+00    1.84211e+00    2.01702e+00    1.87883e+00    1.73984e+00    1.49109e+00    1.02171e+00    7.63061e-01    5.76668e-01    3.83443e-01    2.72896e-01    1.69497e-01    9.52073e-02    5.90893e-02    2.77394e-02    1.24295e-02    6.29304e-03    2.79842e-03    1.41341e-03    6.97369e-04    3.16969e-04    1.56326e-04    7.49326e-05    3.64390e-05    2.11209e-05    1.35424e-05    7.96285e-06    4.61186e-06    2.89291e-06    1.72607e-06    9.53056e-07    5.47086e-07    3.27842e-07    2.03344e-07    1.28125e-07    7.09991e-08    3.68426e-08    2.37283e-08    1.93953e-08    1.94287e-08    1.83195e-08    1.74080e-08    1.58370e-08    1.35131e-08    1.26178e-08    1.14933e-08    1.05465e-08    9.38636e-09    9.03157e-09    8.04644e-09    6.99440e-09    6.69092e-09    6.28511e-09    5.99712e-09    5.45093e-09    5.01013e-09    4.89616e-09    4.75258e-09    4.58134e-09    4.27164e-09    4.05846e-09    4.04905e-09    4.26294e-09    4.31936e-09    4.49911e-09    4.50668e-09    4.49918e-09
    1.16771e-03    2.83835e-03    6.02986e-03    1.56018e-02    3.76591e-02    6.38566e-02    1.40382e-01    2.52203e-01    3.78069e-01    6.89614e-01    1.09314e+00    1.39938e+00    1.74946e+00    1.80811e+00    1.84212e+00    2.01704e+00    1.87883e+00    1.73983e+00    1.49105e+00    1.02171e+00    7.63061e-01    5.76672e-01    3.83446e-01    2.72893e-01    1.69500e-01    9.52186e-02    5.90780e-02    2.77544e-02    1.24137e-02    6.29285e-03    2.80649e-03    1.42340e-03    7.18603e-04    3.12123e-04    1.58384e-04    7.58047e-05    3.69868e-05    2.10844e-05    1.37297e-05    7.99422e-06    4.67351e-06    2.87093e-06    1.73713e-06    9.34620e-07    5.62658e-07    3.27842e-07    2.03344e-07    1.28125e-07    7.18652e-08    3.68426e-08    2.35800e-08    1.93953e-08    1.94287e-08    1.83195e-08    1.74080e-08    1.58370e-08    1.35131e-08    1.26178e-08    1.14933e-08    1.05465e-08    9.38637e-09    9.03158e-09    8.04645e-09    6.99441e-09    6.69093e-09    6.28511e-09    5.99713e-09    5.45093e-09    5.01014e-09    4.89617e-09    4.75258e-09    4.58134e-09    4.27165e-09    4.05846e-09    4.04906e-09    4.26295e-09    4.31937e-09    4.49911e-09    4.50669e-09    4.49919e-09
    1.18135e-03    2.86792e-03    6.02311e-03    1.56068e-02    3.76592e-02    6.38565e-02    1.40406e-01    2.52193e-01    3.78069e-01    6.89606e-01    1.09314e+00    1.39938e+00    1.74946e+00    1.80813e+00    1.84214e+00    2.01702e+00    1.87884e+00    1.73983e+00    1.49105e+00    1.02171e+00    7.63032e-01    5.76656e-01    3.83457e-01    2.72894e-01    1.69507e-01    9.52220e-02    5.90684e-02    2.77585e-02    1.24115e-02    6.26954e-03    2.80786e-03    1.41191e-03    7.06837e-04    3.13047e-04    1.55421e-04    7.60005e-05    3.65854e-05    2.13054e-05    1.38191e-05    7.96830e-06    4.67350e-06    2.86679e-06    1.72473e-06    9.65110e-07    5.59500e-07    3.32748e-07    2.03344e-07    1.28125e-07    7.18649e-08    3.68425e-08    2.35799e-08    1.93952e-08    1.94286e-08    1.83195e-08    1.74079e-08    1.58370e-08    1.35130e-08    1.26178e-08    1.14933e-08    1.05465e-08    9.38634e-09    9.03155e-09    8.04642e-09    6.99438e-09    6.69091e-09    6.28509e-09    5.99711e-09    5.45092e-09    5.01012e-09    4.89615e-09    4.75257e-09    4.58133e-09    4.27163e-09    4.05845e-09    4.04904e-09    4.26293e-09    4.31935e-09    4.49910e-09    4.50667e-09    4.49917e-09
    1.18469e-03    2.87296e-03    6.02584e-03    1.56218e-02    3.76670e-02    6.38453e-02    1.40405e-01    2.52188e-01    3.78077e-01    6.89616e-01    1.09315e+00    1.39939e+00    1.74946e+00    1.80813e+00    1.84213e+00    2.01702e+00    1.87885e+00    1.73982e+00    1.49103e+00    1.02171e+00    7.63054e-01    5.76648e-01    3.83439e-01    2.72895e-01    1.69498e-01    9.52054e-02    5.90572e-02    2.77724e-02    1.23937e-02    6.29073e-03    2.79693e-03    1.41406e-03    7.03792e-04    3.11999e-04    1.53381e-04    7.51137e-05    3.70805e-05    2.08219e-05    1.38206e-05    8.05716e-06    4.62098e-06    2.89712e-06    1.72473e-06    9.36123e-07    5.59500e-07    3.32748e-07    2.06322e-07    1.28125e-07    7.18650e-08    3.68426e-08    2.35800e-08    1.93952e-08    1.92863e-08    1.83195e-08    1.74079e-08    1.58370e-08    1.35131e-08    1.26178e-08    1.14933e-08    1.05465e-08    9.38634e-09    9.03156e-09    8.04643e-09    6.99439e-09    6.69091e-09    6.28510e-09    5.99711e-09    5.45092e-09    5.01013e-09    4.89615e-09    4.75257e-09    4.58133e-09    4.27164e-09    4.05845e-09    4.04905e-09    4.26294e-09    4.31935e-09    4.49910e-09    4.50668e-09    4.49917e-09
    1.16761e-03    2.87071e-03    6.02417e-03    1.56312e-02    3.76707e-02    6.38371e-02    1.40378e-01    2.52183e-01    3.78094e-01    6.89619e-01    1.09318e+00    1.39938e+00    1.74946e+00    1.80814e+00    1.84214e+00    2.01701e+00    1.87884e+00    1.73983e+00    1.49102e+00    1.02172e+00    7.63065e-01    5.76650e-01    3.83437e-01    2.72898e-01    1.69470e-01    9.51833e-02    5.90765e-02    2.77656e-02    1.24055e-02    6.27571e-03    2.80202e-03    1.41255e-03    7.19639e-04    3.12359e-04    1.53419e-04    7.48417e-05    3.69512e-05    2.16063e-05    1.36059e-05    7.94503e-06    4.68015e-06    2.91580e-06    1.72473e-06    9.39324e-07    5.55441e-07    3.30434e-07    2.06322e-07    1.28125e-07    7.18650e-08    3.68425e-08    2.35799e-08    1.93952e-08    1.92863e-08    1.83195e-08    1.74079e-08    1.58370e-08    1.35131e-08    1.26178e-08    1.14933e-08    1.05465e-08    9.38634e-09    9.03155e-09    8.04643e-09    6.99438e-09    6.69091e-09    6.28510e-09    5.99711e-09    5.45092e-09    5.01012e-09    4.89615e-09    4.75257e-09    4.58133e-09    4.27164e-09    4.05845e-09    4.04904e-09    4.26293e-09    4.31935e-09    4.49910e-09    4.50668e-09    4.49917e-09
    1.18291e-03    2.87512e-03    6.03837e-03    1.56389e-02    3.76869e-02    6.38446e-02    1.40398e-01    2.52196e-01    3.78067e-01    6.89616e-01    1.09315e+00    1.39937e+00    1.74944e+00    1.80814e+00    1.84215e+00    2.01700e+00    1.87883e+00    1.73981e+00    1.49101e+00    1.02173e+00    7.63067e-01    5.76678e-01    3.83434e-01    2.72909e-01    1.69449e-01    9.51798e-02    5.90790e-02    2.77602e-02    1.24271e-02    6.28983e-03    2.78709e-03    1.40388e-03    7.19008e-04    3.12203e-04    1.60135e-04    7.63913e-05    3.71849e-05    2.10354e-05    1.37858e-05    8.01496e-06    4.69369e-06    2.93780e-06    1.72785e-06    9.39320e-07    5.60139e-07    3.30433e-07    2.06321e-07    1.28124e-07    6.94345e-08    3.68424e-08    2.35799e-08    1.93952e-08    1.92862e-08    1.83194e-08    1.74079e-08    1.58369e-08    1.35130e-08    1.26178e-08    1.14932e-08    1.05465e-08    9.38630e-09    9.03152e-09    8.04640e-09    6.99436e-09    6.69088e-09    6.28507e-09    5.99709e-09    5.45090e-09    5.01010e-09    4.89613e-09    4.75255e-09    4.58131e-09    4.27162e-09    4.05844e-09    4.04903e-09    4.26292e-09    4.31934e-09    4.49908e-09    4.50666e-09    4.49916e-09
    1.16379e-03    2.86185e-03    6.03691e-03    1.56429e-02    3.76848e-02    6.38290e-02    1.40395e-01    2.52188e-01    3.78054e-01    6.89627e-01    1.09315e+00    1.39936e+00    1.74943e+00    1.80815e+00    1.84217e+00    2.01698e+00    1.87883e+00    1.73983e+00    1.49101e+00    1.02174e+00    7.63048e-01    5.76664e-01    3.83441e-01    2.72914e-01    1.69454e-01    9.52045e-02    5.90831e-02    2.77722e-02    1.24187e-02    6.31338e-03    2.79747e-03    1.41111e-03    7.12015e-04    3.11898e-04    1.54948e-04    7.48030e-05    3.65159e-05    2.12250e-05    1.36146e-05    7.92577e-06    4.63777e-06    2.86617e-06    1.73358e-06    9.57121e-07    5.60138e-07    3.34059e-07    2.06321e-07    1.28124e-07    7.23064e-08    3.68423e-08    2.35798e-08    1.93951e-08    1.92861e-08    1.83194e-08    1.74078e-08    1.58369e-08    1.35130e-08    1.26177e-08    1.14932e-08    1.05465e-08    9.38629e-09    9.03150e-09    8.04638e-09    6.99435e-09    6.69087e-09    6.28506e-09    5.99708e-09    5.45089e-09    5.01010e-09    4.89613e-09    4.75254e-09    4.58130e-09    4.27161e-09    4.05843e-09    4.04902e-09    4.26291e-09    4.31933e-09    4.49907e-09    4.50665e-09    4.49915e-09
    1.14465e-03    2.85108e-03    6.04645e-03    1.56354e-02    3.76826e-02    6.38223e-02    1.40396e-01    2.52197e-01    3.78050e-01    6.89651e-01    1.09316e+00    1.39935e+00    1.74943e+00    1.80817e+00    1.84218e+00    2.01698e+00    1.87884e+00    1.73984e+00    1.49102e+00    1.02172e+00    7.63064e-01    5.76662e-01    3.83449e-01    2.72917e-01    1.69442e-01    9.51895e-02    5.90681e-02    2.77915e-02    1.24180e-02    6.27856e-03    2.79030e-03    1.42407e-03    7.02728e-04    3.13531e-04    1.57086e-04    7.52394e-05    3.68727e-05    2.13847e-05    1.37018e-05    7.98320e-06    4.67091e-06    2.90055e-06    1.73359e-06    9.47907e-07    5.60141e-07    3.28182e-07    2.06322e-07    1.28125e-07    7.23069e-08    3.68426e-08    2.35800e-08    1.93953e-08    1.92863e-08    1.83195e-08    1.74079e-08    1.58370e-08    1.35131e-08    1.26178e-08    1.14933e-08    1.05465e-08    9.38635e-09    9.03156e-09    8.04643e-09    6.99439e-09    6.69091e-09    6.28510e-09    5.99712e-09    5.45092e-09    5.01013e-09    4.89616e-09    4.75257e-09    4.58133e-09    4.27164e-09    4.05845e-09    4.04905e-09    4.26294e-09    4.31936e-09    4.49910e-09    4.50668e-09    4.49918e-09
