   -3.86117e+00   -4.74722e+00   -5.49604e+00   -6.42817e+00   -7.31264e+00   -7.85601e+00   -8.63722e+00   -9.22079e+00   -9.62604e+00   -1.02255e+01   -1.06878e+01   -1.09341e+01   -1.11578e+01   -1.11907e+01   -1.12091e+01   -1.12998e+01   -1.12292e+01   -1.11517e+01   -1.09986e+01   -1.06199e+01   -1.03285e+01   -1.00495e+01   -9.63972e+00   -9.29948e+00   -8.81970e+00   -8.24973e+00   -7.77664e+00   -7.01056e+00   -6.21593e+00   -5.53873e+00   -4.71425e+00   -4.03376e+00   -3.33161e+00   -2.52864e+00   -1.83069e+00   -1.10629e+00   -3.90260e-01    1.57542e-01    5.99986e-01    1.13630e+00    1.67578e+00    2.15386e+00    2.66193e+00    3.26469e+00    3.79559e+00    4.32357e+00    4.79949e+00    5.27195e+00    5.86229e+00    6.51830e+00    6.95829e+00    7.15993e+00    7.15821e+00    7.21699e+00    7.26803e+00    7.36261e+00    7.52130e+00    7.58985e+00    7.68319e+00    7.76916e+00    7.88570e+00    7.92423e+00    8.03973e+00    8.17985e+00    8.22421e+00    8.28678e+00    8.33368e+00    8.42917e+00    8.51350e+00    8.53651e+00    8.56627e+00    8.60297e+00    8.67296e+00    8.72415e+00    8.72648e+00    8.67500e+00    8.66185e+00    8.62108e+00    8.61940e+00    8.62106e+00
   -3.83184e+00   -4.71882e+00   -5.47536e+00   -6.44397e+00   -7.31752e+00   -7.86079e+00   -8.63600e+00   -9.22166e+00   -9.62633e+00   -1.02245e+01   -1.06875e+01   -1.09335e+01   -1.11575e+01   -1.11903e+01   -1.12089e+01   -1.12996e+01   -1.12288e+01   -1.11516e+01   -1.09978e+01   -1.06194e+01   -1.03291e+01   -1.00501e+01   -9.64050e+00   -9.30186e+00   -8.81960e+00   -8.24582e+00   -7.77772e+00   -7.01477e+00   -6.21879e+00   -5.53356e+00   -4.72154e+00   -4.03985e+00   -3.33388e+00   -2.53274e+00   -1.84362e+00   -1.11620e+00   -4.11916e-01    1.57773e-01    6.00217e-01    1.13653e+00    1.67601e+00    2.15410e+00    2.66216e+00    3.26493e+00    3.79582e+00    4.32380e+00    4.79972e+00    5.27218e+00    5.86252e+00    6.51853e+00    6.95852e+00    7.16016e+00    7.15844e+00    7.21722e+00    7.26826e+00    7.36284e+00    7.52153e+00    7.59008e+00    7.68342e+00    7.76939e+00    7.88593e+00    7.92446e+00    8.03996e+00    8.18008e+00    8.22444e+00    8.28701e+00    8.33391e+00    8.42940e+00    8.51373e+00    8.53674e+00    8.56650e+00    8.60320e+00    8.67319e+00    8.72439e+00    8.72671e+00    8.67523e+00    8.66208e+00    8.62131e+00    8.61963e+00    8.62129e+00
   -3.87179e+00   -4.76443e+00   -5.52044e+00   -6.45251e+00   -7.32695e+00   -7.85381e+00   -8.63878e+00   -9.22049e+00   -9.62440e+00   -1.02213e+01   -1.06850e+01   -1.09313e+01   -1.11547e+01   -1.11878e+01   -1.12063e+01   -1.12965e+01   -1.12261e+01   -1.11486e+01   -1.09950e+01   -1.06170e+01   -1.03267e+01   -1.00479e+01   -9.63843e+00   -9.30102e+00   -8.81625e+00   -8.24524e+00   -7.77809e+00   -7.01784e+00   -6.22220e+00   -5.53745e+00   -4.70856e+00   -4.04204e+00   -3.35050e+00   -2.52665e+00   -1.84853e+00   -1.12119e+00   -3.95489e-01    1.39654e-01    6.02870e-01    1.14982e+00    1.67867e+00    2.15675e+00    2.66481e+00    3.26758e+00    3.79847e+00    4.32645e+00    4.80237e+00    5.27483e+00    5.86517e+00    6.52119e+00    6.96117e+00    7.16281e+00    7.16109e+00    7.21987e+00    7.27091e+00    7.36549e+00    7.52418e+00    7.59273e+00    7.68608e+00    7.77205e+00    7.88858e+00    7.92712e+00    8.04261e+00    8.18273e+00    8.22709e+00    8.28966e+00    8.33656e+00    8.43206e+00    8.51638e+00    8.53939e+00    8.56915e+00    8.60585e+00    8.67584e+00    8.72704e+00    8.72936e+00    8.67788e+00    8.66473e+00    8.62396e+00    8.62228e+00    8.62395e+00
   -3.84436e+00   -4.73516e+00   -5.48813e+00   -6.44987e+00   -7.32833e+00   -7.85310e+00   -8.63994e+00   -9.22299e+00   -9.62629e+00   -1.02250e+01   -1.06874e+01   -1.09341e+01   -1.11574e+01   -1.11904e+01   -1.12088e+01   -1.12995e+01   -1.12288e+01   -1.11513e+01   -1.09971e+01   -1.06194e+01   -1.03287e+01   -1.00513e+01   -9.64028e+00   -9.30430e+00   -8.82063e+00   -8.24969e+00   -7.77069e+00   -7.02430e+00   -6.22119e+00   -5.52001e+00   -4.71422e+00   -4.02935e+00   -3.32812e+00   -2.53313e+00   -1.81923e+00   -1.10323e+00   -3.97861e-01    1.70665e-01    5.89444e-01    1.11768e+00    1.67594e+00    2.15403e+00    2.66209e+00    3.26486e+00    3.79575e+00    4.32373e+00    4.79965e+00    5.27211e+00    5.86245e+00    6.51846e+00    6.95845e+00    7.16009e+00    7.15837e+00    7.21715e+00    7.26819e+00    7.36277e+00    7.52146e+00    7.59001e+00    7.68335e+00    7.76932e+00    7.88586e+00    7.92439e+00    8.03989e+00    8.18001e+00    8.22437e+00    8.28694e+00    8.33384e+00    8.42933e+00    8.51366e+00    8.53667e+00    8.56643e+00    8.60313e+00    8.67312e+00    8.72432e+00    8.72664e+00    8.67516e+00    8.66201e+00    8.62124e+00    8.61956e+00    8.62122e+00
   -3.85698e+00   -4.74136e+00   -5.47024e+00   -6.44941e+00   -7.32265e+00   -7.84989e+00   -8.64284e+00   -9.22178e+00   -9.62615e+00   -1.02241e+01   -1.06867e+01   -1.09335e+01   -1.11567e+01   -1.11901e+01   -1.12084e+01   -1.12985e+01   -1.12280e+01   -1.11507e+01   -1.09965e+01   -1.06189e+01   -1.03278e+01   -1.00492e+01   -9.63988e+00   -9.30366e+00   -8.82054e+00   -8.25017e+00   -7.76577e+00   -7.01578e+00   -6.21156e+00   -5.53151e+00   -4.71168e+00   -4.02352e+00   -3.33437e+00   -2.53521e+00   -1.83942e+00   -1.10242e+00   -3.97055e-01    1.32543e-01    5.90249e-01    1.11186e+00    1.67675e+00    2.15483e+00    2.66289e+00    3.26566e+00    3.79655e+00    4.32453e+00    4.80046e+00    5.27292e+00    5.86326e+00    6.51927e+00    6.95926e+00    7.16090e+00    7.15917e+00    7.21796e+00    7.26900e+00    7.36358e+00    7.52227e+00    7.59081e+00    7.68416e+00    7.77013e+00    7.88667e+00    7.92520e+00    8.04069e+00    8.18082e+00    8.22517e+00    8.28774e+00    8.33464e+00    8.43014e+00    8.51446e+00    8.53747e+00    8.56724e+00    8.60393e+00    8.67393e+00    8.72512e+00    8.72744e+00    8.67596e+00    8.66282e+00    8.62205e+00    8.62036e+00    8.62203e+00
   -3.87696e+00   -4.76909e+00   -5.47967e+00   -6.46532e+00   -7.32870e+00   -7.84486e+00   -8.64379e+00   -9.21927e+00   -9.62566e+00   -1.02236e+01   -1.06860e+01   -1.09327e+01   -1.11559e+01   -1.11889e+01   -1.12072e+01   -1.12974e+01   -1.12273e+01   -1.11495e+01   -1.09947e+01   -1.06175e+01   -1.03280e+01   -1.00481e+01   -9.63852e+00   -9.30371e+00   -8.81861e+00   -8.24229e+00   -7.76249e+00   -7.02009e+00   -6.20049e+00   -5.53294e+00   -4.71641e+00   -4.02464e+00   -3.33672e+00   -2.52446e+00   -1.83970e+00   -1.10465e+00   -3.96035e-01    1.33564e-01    5.86377e-01    1.11288e+00    1.67777e+00    2.15585e+00    2.66392e+00    3.26668e+00    3.79757e+00    4.32555e+00    4.80148e+00    5.27394e+00    5.86428e+00    6.52029e+00    6.96028e+00    7.16192e+00    7.16019e+00    7.21898e+00    7.27002e+00    7.36460e+00    7.52329e+00    7.59183e+00    7.68518e+00    7.77115e+00    7.88769e+00    7.92622e+00    8.04172e+00    8.18184e+00    8.22619e+00    8.28876e+00    8.33567e+00    8.43116e+00    8.51548e+00    8.53849e+00    8.56826e+00    8.60495e+00    8.67495e+00    8.72614e+00    8.72846e+00    8.67699e+00    8.66384e+00    8.62307e+00    8.62138e+00    8.62305e+00
   -3.86411e+00   -4.75562e+00   -5.50917e+00   -6.45489e+00   -7.32826e+00   -7.84384e+00   -8.63545e+00   -9.21820e+00   -9.62517e+00   -1.02234e+01   -1.06863e+01   -1.09325e+01   -1.11555e+01   -1.11886e+01   -1.12071e+01   -1.12971e+01   -1.12269e+01   -1.11495e+01   -1.09945e+01   -1.06179e+01   -1.03275e+01   -1.00471e+01   -9.63877e+00   -9.30259e+00   -8.81397e+00   -8.23781e+00   -7.76653e+00   -7.00966e+00   -6.20653e+00   -5.53295e+00   -4.72303e+00   -4.03772e+00   -3.35352e+00   -2.53171e+00   -1.83462e+00   -1.12869e+00   -3.95789e-01    1.58039e-01    5.82484e-01    1.11313e+00    1.67802e+00    2.15610e+00    2.66416e+00    3.26693e+00    3.79782e+00    4.32580e+00    4.80172e+00    5.27418e+00    5.86452e+00    6.52054e+00    6.96052e+00    7.16216e+00    7.16044e+00    7.21922e+00    7.27026e+00    7.36484e+00    7.52353e+00    7.59208e+00    7.68543e+00    7.77139e+00    7.88793e+00    7.92647e+00    8.04196e+00    8.18208e+00    8.22644e+00    8.28901e+00    8.33591e+00    8.43141e+00    8.51573e+00    8.53874e+00    8.56850e+00    8.60520e+00    8.67519e+00    8.72639e+00    8.72871e+00    8.67723e+00    8.66408e+00    8.62331e+00    8.62163e+00    8.62330e+00
   -3.81092e+00   -4.70565e+00   -5.47090e+00   -6.45203e+00   -7.33220e+00   -7.85040e+00   -8.63864e+00   -9.22119e+00   -9.62583e+00   -1.02245e+01   -1.06869e+01   -1.09343e+01   -1.11567e+01   -1.11904e+01   -1.12085e+01   -1.12983e+01   -1.12281e+01   -1.11506e+01   -1.09956e+01   -1.06195e+01   -1.03287e+01   -1.00492e+01   -9.64097e+00   -9.30300e+00   -8.81136e+00   -8.24194e+00   -7.77064e+00   -7.00914e+00   -6.21110e+00   -5.54325e+00   -4.73632e+00   -4.05598e+00   -3.36321e+00   -2.54398e+00   -1.84461e+00   -1.10726e+00   -3.95972e-01    1.54167e-01    5.96584e-01    1.11178e+00    1.67667e+00    2.15476e+00    2.66282e+00    3.26559e+00    3.79648e+00    4.32446e+00    4.80038e+00    5.27284e+00    5.86318e+00    6.51919e+00    6.95918e+00    7.16082e+00    7.15910e+00    7.21788e+00    7.26892e+00    7.36350e+00    7.52219e+00    7.59074e+00    7.68409e+00    7.77005e+00    7.88659e+00    7.92512e+00    8.04062e+00    8.18074e+00    8.22510e+00    8.28767e+00    8.33457e+00    8.43006e+00    8.51439e+00    8.53740e+00    8.56716e+00    8.60386e+00    8.67385e+00    8.72505e+00    8.72737e+00    8.67589e+00    8.66274e+00    8.62197e+00    8.62029e+00    8.62195e+00
   -3.85022e+00   -4.71940e+00   -5.48293e+00   -6.43191e+00   -7.32289e+00   -7.83113e+00   -8.63919e+00   -9.22112e+00   -9.62518e+00   -1.02259e+01   -1.06881e+01   -1.09343e+01   -1.11574e+01   -1.11914e+01   -1.12096e+01   -1.12990e+01   -1.12291e+01   -1.11516e+01   -1.09962e+01   -1.06200e+01   -1.03295e+01   -1.00490e+01   -9.64189e+00   -9.30604e+00   -8.81271e+00   -8.24746e+00   -7.77498e+00   -7.02367e+00   -6.19974e+00   -5.53520e+00   -4.71010e+00   -4.03515e+00   -3.33843e+00   -2.54738e+00   -1.82998e+00   -1.11091e+00   -4.03886e-01    1.52747e-01    5.95784e-01    1.11098e+00    1.67587e+00    2.15396e+00    2.66202e+00    3.26479e+00    3.79568e+00    4.32366e+00    4.79958e+00    5.27204e+00    5.86238e+00    6.51839e+00    6.95838e+00    7.16002e+00    7.15830e+00    7.21708e+00    7.26812e+00    7.36270e+00    7.52139e+00    7.58994e+00    7.68328e+00    7.76925e+00    7.88579e+00    7.92432e+00    8.03982e+00    8.17994e+00    8.22430e+00    8.28687e+00    8.33377e+00    8.42926e+00    8.51359e+00    8.53660e+00    8.56636e+00    8.60306e+00    8.67305e+00    8.72425e+00    8.72657e+00    8.67509e+00    8.66194e+00    8.62117e+00    8.61949e+00    8.62115e+00
   -3.85232e+00   -4.73963e+00   -5.48388e+00   -6.44679e+00   -7.32039e+00   -7.83451e+00   -8.63719e+00   -9.22222e+00   -9.62591e+00   -1.02270e+01   -1.06885e+01   -1.09352e+01   -1.11584e+01   -1.11921e+01   -1.12105e+01   -1.12997e+01   -1.12297e+01   -1.11526e+01   -1.09971e+01   -1.06202e+01   -1.03308e+01   -1.00502e+01   -9.64273e+00   -9.30519e+00   -8.81225e+00   -8.23991e+00   -7.77261e+00   -7.02582e+00   -6.20843e+00   -5.52368e+00   -4.71508e+00   -4.03000e+00   -3.33519e+00   -2.52873e+00   -1.83757e+00   -1.09512e+00   -3.88802e-01    1.67087e-01    6.07211e-01    1.11019e+00    1.67508e+00    2.15316e+00    2.66122e+00    3.26399e+00    3.79488e+00    4.32286e+00    4.79879e+00    5.27125e+00    5.86159e+00    6.51760e+00    6.95759e+00    7.15922e+00    7.15750e+00    7.21629e+00    7.26733e+00    7.36190e+00    7.52060e+00    7.58914e+00    7.68249e+00    7.76846e+00    7.88500e+00    7.92353e+00    8.03902e+00    8.17914e+00    8.22350e+00    8.28607e+00    8.33297e+00    8.42847e+00    8.51279e+00    8.53580e+00    8.56557e+00    8.60226e+00    8.67225e+00    8.72345e+00    8.72577e+00    8.67429e+00    8.66115e+00    8.62037e+00    8.61869e+00    8.62036e+00
