    5.04287e+03    3.77935e+02    5.01034e+01    1.09017e+01    4.83291e+00    3.01510e+00    4.03920e+00    1.35697e+01    4.33524e+01    2.28340e+02    2.06914e+03    1.00876e+04    8.84108e+04    5.36518e+05    2.53367e+06    6.64667e+06    3.20682e+07    3.88934e+07    1.39993e+08    2.27670e+08    3.25395e+08    4.37802e+08    5.37580e+08    6.24848e+08    1.01388e+09
    5.16901e+03    3.75653e+02    5.00702e+01    1.09049e+01    4.83368e+00    3.01529e+00    4.03984e+00    1.35594e+01    4.33241e+01    2.27977e+02    2.06611e+03    1.00385e+04    8.74928e+04    5.35005e+05    2.53371e+06    6.64678e+06    3.20691e+07    3.88933e+07    1.39997e+08    2.27677e+08    3.25405e+08    4.37815e+08    5.37596e+08    6.24866e+08    1.01391e+09
    4.94408e+03    3.71367e+02    4.99622e+01    1.09063e+01    4.83409e+00    3.01615e+00    4.04082e+00    1.35561e+01    4.32962e+01    2.27112e+02    2.06325e+03    9.98440e+03    8.71710e+04    5.34522e+05    2.53673e+06    6.64961e+06    3.20741e+07    3.89025e+07    1.40018e+08    2.27710e+08    3.25453e+08    4.37880e+08    5.37675e+08    6.24959e+08    1.01406e+09
    5.09788e+03    3.73348e+02    5.00097e+01    1.09032e+01    4.83349e+00    3.01577e+00    4.04133e+00    1.35556e+01    4.32577e+01    2.27811e+02    2.08237e+03    1.01186e+04    8.86403e+04    5.33844e+05    2.52783e+06    6.64254e+06    3.20692e+07    3.88845e+07    1.39999e+08    2.27680e+08    3.25410e+08    4.37822e+08    5.37604e+08    6.24875e+08    1.01392e+09
    5.08037e+03    3.74652e+02    4.99673e+01    1.09033e+01    4.83286e+00    3.01575e+00    4.04120e+00    1.35627e+01    4.32429e+01    2.28878e+02    2.07806e+03    1.00919e+04    8.78519e+04    5.28659e+05    2.52566e+06    6.64110e+06    3.20720e+07    3.88808e+07    1.40011e+08    2.27700e+08    3.25439e+08    4.37861e+08    5.37652e+08    6.24931e+08    1.01401e+09
    4.96971e+03    3.71521e+02    4.99721e+01    1.08991e+01    4.83244e+00    3.01587e+00    4.04216e+00    1.35594e+01    4.32817e+01    2.29137e+02    2.07547e+03    1.00823e+04    8.78466e+04    5.27861e+05    2.52528e+06    6.64083e+06    3.20724e+07    3.88800e+07    1.40013e+08    2.27703e+08    3.25443e+08    4.37866e+08    5.37659e+08    6.24939e+08    1.01403e+09
    4.98868e+03    3.72057e+02    5.01321e+01    1.08963e+01    4.83218e+00    3.01558e+00    4.04123e+00    1.35618e+01    4.33788e+01    2.29498e+02    2.06651e+03    9.97543e+03    8.73393e+04    5.29423e+05    2.52503e+06    6.64032e+06    3.20694e+07    3.88774e+07    1.40000e+08    2.27682e+08    3.25413e+08    4.37825e+08    5.37609e+08    6.24881e+08    1.01393e+09
    5.23071e+03    3.72915e+02    5.00450e+01    1.09006e+01    4.83160e+00    3.01566e+00    4.04166e+00    1.35563e+01    4.34336e+01    2.29209e+02    2.04765e+03    9.86559e+03    8.74898e+04    5.31971e+05    2.52627e+06    6.64132e+06    3.20692e+07    3.88809e+07    1.39999e+08    2.27680e+08    3.25410e+08    4.37822e+08    5.37604e+08    6.24876e+08    1.01392e+09
    5.13435e+03    3.77759e+02    5.01763e+01    1.08986e+01    4.83173e+00    3.01523e+00    4.04150e+00    1.35601e+01    4.33583e+01    2.27960e+02    2.07896e+03    1.00437e+04    8.77848e+04    5.31477e+05    2.52609e+06    6.64087e+06    3.20671e+07    3.88781e+07    1.39990e+08    2.27666e+08    3.25389e+08    4.37794e+08    5.37570e+08    6.24837e+08    1.01386e+09
    5.08485e+03    3.76517e+02    5.02054e+01    1.08982e+01    4.83113e+00    3.01509e+00    4.04130e+00    1.35558e+01    4.34477e+01    2.28303e+02    2.08469e+03    1.00996e+04    8.86376e+04    5.36211e+05    2.52713e+06    6.64150e+06    3.20646e+07    3.88802e+07    1.39978e+08    2.27647e+08    3.25363e+08    4.37758e+08    5.37526e+08    6.24785e+08    1.01378e+09
