    5.92948e-05    1.43821e-04    3.04112e-04    7.72416e-04    1.87056e-03    3.22071e-03    7.03445e-03    1.26087e-02    1.89090e-02    3.44369e-02    5.46762e-02    6.99421e-02    8.74751e-02    9.04046e-02    9.20826e-02    1.00824e-01    9.39498e-02    8.69439e-02    7.46009e-02    5.10871e-02    3.81703e-02    2.88792e-02    1.91693e-02    1.36409e-02    8.44260e-03    4.77468e-03    2.97498e-03    1.38287e-03    6.24705e-04    3.17374e-04    1.39157e-04    7.04649e-05    3.49167e-05    1.56425e-05    7.78380e-06    3.77215e-06    1.84340e-06    1.06589e-06    6.84795e-07    4.00537e-07    2.33533e-07    1.44784e-07    8.71106e-08    4.76752e-08    2.80369e-08    1.65360e-08    1.02740e-08    6.40549e-09    3.54953e-09    1.84191e-09    1.18627e-09    9.69648e-10    9.71318e-10    9.15867e-10    8.70294e-10    7.91755e-10    6.75573e-10    6.30816e-10    5.74596e-10    5.27263e-10    4.69262e-10    4.51524e-10    4.02274e-10    3.49678e-10    3.34506e-10    3.14218e-10    2.99820e-10    2.72514e-10    2.50477e-10    2.44779e-10    2.37600e-10    2.29040e-10    2.13557e-10    2.02899e-10    2.02428e-10    2.13122e-10    2.15942e-10    2.24928e-10    2.25307e-10    2.24932e-10
    5.75922e-05    1.39822e-04    2.97946e-04    7.84873e-04    1.88008e-03    3.23682e-03    7.02723e-03    1.26221e-02    1.89183e-02    3.44098e-02    5.46691e-02    6.99186e-02    8.74691e-02    9.03852e-02    9.20863e-02    1.00822e-01    9.39353e-02    8.69521e-02    7.45594e-02    5.10701e-02    3.82041e-02    2.89011e-02    1.91881e-02    1.36762e-02    8.44351e-03    4.75698e-03    2.97879e-03    1.38897e-03    6.26621e-04    3.15802e-04    1.40203e-04    7.09091e-05    3.50030e-05    1.57100e-05    7.88665e-06    3.81048e-06    1.88413e-06    1.06586e-06    6.84775e-07    4.00525e-07    2.33526e-07    1.44779e-07    8.71079e-08    4.76738e-08    2.80360e-08    1.65355e-08    1.02737e-08    6.40530e-09    3.54942e-09    1.84185e-09    1.18624e-09    9.69619e-10    9.71289e-10    9.15839e-10    8.70268e-10    7.91731e-10    6.75553e-10    6.30797e-10    5.74579e-10    5.27248e-10    4.69248e-10    4.51511e-10    4.02262e-10    3.49668e-10    3.34496e-10    3.14208e-10    2.99811e-10    2.72506e-10    2.50469e-10    2.44771e-10    2.37593e-10    2.29033e-10    2.13550e-10    2.02893e-10    2.02422e-10    2.13115e-10    2.15936e-10    2.24922e-10    2.25301e-10    2.24925e-10
    6.00900e-05    1.46715e-04    3.12465e-04    7.93586e-04    1.90265e-03    3.22236e-03    7.06447e-03    1.26391e-02    1.89292e-02    3.43855e-02    5.46706e-02    6.99346e-02    8.74436e-02    9.03866e-02    9.20735e-02    1.00770e-01    9.39172e-02    8.69144e-02    7.45365e-02    5.10743e-02    3.82046e-02    2.89102e-02    1.91965e-02    1.36990e-02    8.43637e-03    4.76618e-03    2.98736e-03    1.39674e-03    6.30340e-04    3.17826e-04    1.38742e-04    7.12432e-05    3.56789e-05    1.56538e-05    7.94538e-06    3.83915e-06    1.85808e-06    1.08807e-06    6.84673e-07    3.96230e-07    2.33491e-07    1.44758e-07    8.70951e-08    4.76667e-08    2.80319e-08    1.65330e-08    1.02722e-08    6.40435e-09    3.54890e-09    1.84158e-09    1.18606e-09    9.69475e-10    9.71145e-10    9.15704e-10    8.70139e-10    7.91614e-10    6.75453e-10    6.30703e-10    5.74494e-10    5.27170e-10    4.69178e-10    4.51444e-10    4.02202e-10    3.49616e-10    3.34446e-10    3.14162e-10    2.99767e-10    2.72465e-10    2.50432e-10    2.44735e-10    2.37558e-10    2.28999e-10    2.13519e-10    2.02863e-10    2.02392e-10    2.13084e-10    2.15904e-10    2.24888e-10    2.25267e-10    2.24892e-10
    5.83130e-05    1.42113e-04    3.01750e-04    7.89450e-04    1.90036e-03    3.21175e-03    7.05438e-03    1.26379e-02    1.89158e-02    3.44232e-02    5.46614e-02    6.99522e-02    8.74558e-02    9.03921e-02    9.20707e-02    1.00803e-01    9.39263e-02    8.69254e-02    7.44996e-02    5.10679e-02    3.81845e-02    2.89338e-02    1.91823e-02    1.37085e-02    8.45148e-03    4.77503e-03    2.95768e-03    1.40216e-03    6.28073e-04    3.11524e-04    1.39168e-04    7.01627e-05    3.47991e-05    1.57147e-05    7.69596e-06    3.76105e-06    1.85768e-06    1.05212e-06    6.92133e-07    4.08113e-07    2.33522e-07    1.44777e-07    8.71067e-08    4.76731e-08    2.80356e-08    1.65352e-08    1.02735e-08    6.40520e-09    3.54937e-09    1.84183e-09    1.18622e-09    9.69604e-10    9.71275e-10    9.15826e-10    8.70255e-10    7.91720e-10    6.75543e-10    6.30787e-10    5.74571e-10    5.27240e-10    4.69241e-10    4.51504e-10    4.02256e-10    3.49662e-10    3.34491e-10    3.14204e-10    2.99807e-10    2.72502e-10    2.50465e-10    2.44768e-10    2.37590e-10    2.29029e-10    2.13547e-10    2.02890e-10    2.02419e-10    2.13112e-10    2.15933e-10    2.24918e-10    2.25297e-10    2.24922e-10
    5.90961e-05    1.43100e-04    2.96610e-04    7.89654e-04    1.89095e-03    3.20373e-03    7.07993e-03    1.26316e-02    1.89268e-02    3.44171e-02    5.46588e-02    6.99579e-02    8.74571e-02    9.04254e-02    9.20924e-02    1.00777e-01    9.39197e-02    8.69312e-02    7.45075e-02    5.10769e-02    3.81786e-02    2.88934e-02    1.91884e-02    1.37095e-02    8.45677e-03    4.78073e-03    2.94527e-03    1.39126e-03    6.22503e-04    3.15352e-04    1.38915e-04    6.98045e-05    3.50423e-05    1.57587e-05    7.85857e-06    3.76071e-06    1.85751e-06    1.09378e-06    6.92071e-07    4.10789e-07    2.33502e-07    1.44764e-07    8.70989e-08    4.76688e-08    2.80331e-08    1.65338e-08    1.02726e-08    6.40463e-09    3.54905e-09    1.84166e-09    1.18611e-09    9.69518e-10    9.71188e-10    9.15744e-10    8.70177e-10    7.91649e-10    6.75482e-10    6.30731e-10    5.74519e-10    5.27193e-10    4.69199e-10    4.51464e-10    4.02220e-10    3.49631e-10    3.34461e-10    3.14176e-10    2.99780e-10    2.72477e-10    2.50443e-10    2.44746e-10    2.37569e-10    2.29009e-10    2.13528e-10    2.02871e-10    2.02401e-10    2.13093e-10    2.15913e-10    2.24898e-10    2.25277e-10    2.24902e-10
    6.03496e-05    1.47272e-04    2.99724e-04    8.03123e-04    1.90434e-03    3.19089e-03    7.09382e-03    1.26127e-02    1.89366e-02    3.44344e-02    5.46775e-02    6.99779e-02    8.74713e-02    9.04095e-02    9.20791e-02    1.00771e-01    9.39435e-02    8.69191e-02    7.44512e-02    5.10553e-02    3.82219e-02    2.88908e-02    1.91817e-02    1.37240e-02    8.44895e-03    4.74800e-03    2.93858e-03    1.39867e-03    6.16270e-04    3.16122e-04    1.39714e-04    6.99534e-05    3.51600e-05    1.56059e-05    7.86867e-06    3.77288e-06    1.85749e-06    1.09377e-06    6.95457e-07    4.10784e-07    2.33499e-07    1.44763e-07    8.70978e-08    4.76682e-08    2.80328e-08    1.65336e-08    1.02725e-08    6.40455e-09    3.54901e-09    1.84164e-09    1.18610e-09    9.69506e-10    9.71176e-10    9.15733e-10    8.70166e-10    7.91639e-10    6.75474e-10    6.30723e-10    5.74512e-10    5.27186e-10    4.69193e-10    4.51458e-10    4.02215e-10    3.49627e-10    3.34457e-10    3.14172e-10    2.99776e-10    2.72474e-10    2.50440e-10    2.44743e-10    2.37566e-10    2.29006e-10    2.13525e-10    2.02869e-10    2.02399e-10    2.13090e-10    2.15911e-10    2.24895e-10    2.25274e-10    2.24899e-10
    5.95991e-05    1.45351e-04    3.08801e-04    7.95062e-04    1.90414e-03    3.18871e-03    7.03733e-03    1.26035e-02    1.89337e-02    3.44402e-02    5.47118e-02    6.99867e-02    8.74661e-02    9.04154e-02    9.20995e-02    1.00775e-01    9.39414e-02    8.69458e-02    7.44625e-02    5.10931e-02    3.82150e-02    2.88719e-02    1.91929e-02    1.37134e-02    8.41270e-03    4.72841e-03    2.95148e-03    1.38464e-03    6.20211e-04    3.16233e-04    1.40690e-04    7.08989e-05    3.57678e-05    1.57248e-05    7.83149e-06    3.86599e-06    1.85766e-06    1.06768e-06    6.98407e-07    4.10822e-07    2.33520e-07    1.44776e-07    8.71059e-08    4.76726e-08    2.80354e-08    1.65351e-08    1.02734e-08    6.40515e-09    3.54934e-09    1.84181e-09    1.18621e-09    9.69596e-10    9.71266e-10    9.15818e-10    8.70247e-10    7.91713e-10    6.75537e-10    6.30782e-10    5.74565e-10    5.27235e-10    4.69237e-10    4.51500e-10    4.02252e-10    3.49659e-10    3.34488e-10    3.14201e-10    2.99804e-10    2.72499e-10    2.50463e-10    2.44766e-10    2.37588e-10    2.29027e-10    2.13545e-10    2.02888e-10    2.02417e-10    2.13110e-10    2.15931e-10    2.24916e-10    2.25295e-10    2.24920e-10
    5.64367e-05    1.38082e-04    2.96812e-04    7.91733e-04    1.90911e-03    3.20542e-03    7.05037e-03    1.26244e-02    1.89210e-02    3.44301e-02    5.46694e-02    7.00190e-02    8.74545e-02    9.04515e-02    9.21076e-02    1.00762e-01    9.39332e-02    8.69285e-02    7.44411e-02    5.11074e-02    3.82109e-02    2.88945e-02    1.92097e-02    1.37006e-02    8.37960e-03    4.74164e-03    2.95969e-03    1.38207e-03    6.22219e-04    3.19081e-04    1.42382e-04    7.21092e-05    3.60682e-05    1.58977e-05    7.89952e-06    3.77899e-06    1.85553e-06    1.07040e-06    6.87711e-07    4.10825e-07    2.33522e-07    1.44777e-07    8.71066e-08    4.76730e-08    2.80356e-08    1.65352e-08    1.02735e-08    6.40520e-09    3.54937e-09    1.84183e-09    1.18622e-09    9.69604e-10    9.71274e-10    9.15825e-10    8.70255e-10    7.91719e-10    6.75543e-10    6.30787e-10    5.74570e-10    5.27240e-10    4.69240e-10    4.51504e-10    4.02256e-10    3.49662e-10    3.34491e-10    3.14204e-10    2.99807e-10    2.72501e-10    2.50465e-10    2.44768e-10    2.37590e-10    2.29029e-10    2.13547e-10    2.02889e-10    2.02419e-10    2.13112e-10    2.15932e-10    2.24918e-10    2.25297e-10    2.24922e-10
    5.86552e-05    1.39890e-04    3.00183e-04    7.75394e-04    1.89004e-03    3.14193e-03    7.04907e-03    1.26142e-02    1.88948e-02    3.44547e-02    5.46959e-02    6.99688e-02    8.74557e-02    9.04763e-02    9.21411e-02    1.00753e-01    9.39501e-02    8.69507e-02    7.44365e-02    5.10980e-02    3.82151e-02    2.88659e-02    1.92132e-02    1.37322e-02    8.38472e-03    4.76435e-03    2.97035e-03    1.40126e-03    6.14738e-04    3.16289e-04    1.38595e-04    7.05706e-05    3.51593e-05    1.59401e-05    7.77911e-06    3.79001e-06    1.86889e-06    1.07113e-06    6.87754e-07    4.10851e-07    2.33537e-07    1.44786e-07    8.71121e-08    4.76760e-08    2.80374e-08    1.65363e-08    1.02742e-08    6.40560e-09    3.54959e-09    1.84194e-09    1.18629e-09    9.69665e-10    9.71335e-10    9.15883e-10    8.70309e-10    7.91769e-10    6.75585e-10    6.30827e-10    5.74606e-10    5.27273e-10    4.69270e-10    4.51532e-10    4.02281e-10    3.49684e-10    3.34512e-10    3.14223e-10    2.99825e-10    2.72519e-10    2.50481e-10    2.44783e-10    2.37605e-10    2.29044e-10    2.13560e-10    2.02902e-10    2.02432e-10    2.13125e-10    2.15946e-10    2.24932e-10    2.25311e-10    2.24936e-10
    5.87369e-05    1.42647e-04    3.00254e-04    7.86459e-04    1.88398e-03    3.15032e-03    7.02997e-03    1.26191e-02    1.88951e-02    3.44660e-02    5.46800e-02    6.99784e-02    8.74758e-02    9.04757e-02    9.21558e-02    1.00756e-01    9.39387e-02    8.69710e-02    7.44502e-02    5.10678e-02    3.82377e-02    2.88812e-02    1.92155e-02    1.37108e-02    8.37488e-03    4.72517e-03    2.96121e-03    1.40328e-03    6.19665e-04    3.12445e-04    1.39188e-04    7.01576e-05    3.50205e-05    1.56344e-05    7.83274e-06    3.72797e-06    1.83960e-06    1.05512e-06    6.79455e-07    4.10885e-07    2.33556e-07    1.44798e-07    8.71192e-08    4.76799e-08    2.80397e-08    1.65376e-08    1.02750e-08    6.40613e-09    3.54988e-09    1.84209e-09    1.18639e-09    9.69744e-10    9.71415e-10    9.15958e-10    8.70381e-10    7.91834e-10    6.75640e-10    6.30878e-10    5.74653e-10    5.27316e-10    4.69308e-10    4.51569e-10    4.02314e-10    3.49713e-10    3.34539e-10    3.14249e-10    2.99850e-10    2.72541e-10    2.50502e-10    2.44803e-10    2.37624e-10    2.29062e-10    2.13578e-10    2.02919e-10    2.02448e-10    2.13143e-10    2.15964e-10    2.24951e-10    2.25330e-10    2.24955e-10
