    1.18590e-03    2.87641e-03    6.08223e-03    1.54483e-02    3.74112e-02    6.44142e-02    1.40689e-01    2.52173e-01    3.78181e-01    6.88737e-01    1.09352e+00    1.39884e+00    1.74950e+00    1.80809e+00    1.84165e+00    2.01649e+00    1.87900e+00    1.73888e+00    1.49202e+00    1.02174e+00    7.63406e-01    5.77585e-01    3.83387e-01    2.72819e-01    1.68852e-01    9.54936e-02    5.94996e-02    2.76573e-02    1.24941e-02    6.34747e-03    2.78314e-03    1.40930e-03    6.98334e-04    3.12850e-04    1.55676e-04    7.54430e-05    3.68679e-05    2.13178e-05    1.36959e-05    8.01073e-06    4.67066e-06    2.89567e-06    1.74221e-06    9.53504e-07    5.60738e-07    3.30719e-07    2.05480e-07    1.28110e-07    7.09906e-08    3.68382e-08    2.37255e-08    1.93930e-08    1.94264e-08    1.83173e-08    1.74059e-08    1.58351e-08    1.35115e-08    1.26163e-08    1.14919e-08    1.05453e-08    9.38523e-09    9.03049e-09    8.04548e-09    6.99356e-09    6.69012e-09    6.28435e-09    5.99640e-09    5.45027e-09    5.00953e-09    4.89557e-09    4.75201e-09    4.58079e-09    4.27113e-09    4.05797e-09    4.04857e-09    4.26243e-09    4.31884e-09    4.49857e-09    4.50615e-09    4.49864e-09
    1.15184e-03    2.79644e-03    5.95892e-03    1.56975e-02    3.76017e-02    6.47363e-02    1.40545e-01    2.52443e-01    3.78366e-01    6.88195e-01    1.09338e+00    1.39837e+00    1.74938e+00    1.80770e+00    1.84173e+00    2.01644e+00    1.87871e+00    1.73904e+00    1.49119e+00    1.02140e+00    7.64082e-01    5.78022e-01    3.83762e-01    2.73525e-01    1.68870e-01    9.51396e-02    5.95758e-02    2.77794e-02    1.25324e-02    6.31604e-03    2.80407e-03    1.41818e-03    7.00060e-04    3.14199e-04    1.57733e-04    7.62096e-05    3.76827e-05    2.13171e-05    1.36955e-05    8.01049e-06    4.67052e-06    2.89559e-06    1.74216e-06    9.53475e-07    5.60721e-07    3.30710e-07    2.05474e-07    1.28106e-07    7.09885e-08    3.68371e-08    2.37248e-08    1.93924e-08    1.94258e-08    1.83168e-08    1.74054e-08    1.58346e-08    1.35111e-08    1.26159e-08    1.14916e-08    1.05450e-08    9.38495e-09    9.03022e-09    8.04524e-09    6.99335e-09    6.68992e-09    6.28417e-09    5.99622e-09    5.45011e-09    5.00938e-09    4.89543e-09    4.75187e-09    4.58065e-09    4.27100e-09    4.05785e-09    4.04844e-09    4.26230e-09    4.31871e-09    4.49843e-09    4.50601e-09    4.49851e-09
    1.20180e-03    2.93430e-03    6.24930e-03    1.58717e-02    3.80530e-02    6.44472e-02    1.41289e-01    2.52782e-01    3.78584e-01    6.87709e-01    1.09341e+00    1.39869e+00    1.74887e+00    1.80773e+00    1.84147e+00    2.01539e+00    1.87834e+00    1.73829e+00    1.49073e+00    1.02149e+00    7.64093e-01    5.78205e-01    3.83930e-01    2.73980e-01    1.68727e-01    9.53237e-02    5.97473e-02    2.79348e-02    1.26068e-02    6.35652e-03    2.77485e-03    1.42486e-03    7.13577e-04    3.13075e-04    1.58908e-04    7.67830e-05    3.71617e-05    2.17613e-05    1.36935e-05    7.92461e-06    4.66983e-06    2.89516e-06    1.74190e-06    9.53334e-07    5.60638e-07    3.30661e-07    2.05443e-07    1.28087e-07    7.09780e-08    3.68316e-08    2.37212e-08    1.93895e-08    1.94229e-08    1.83141e-08    1.74028e-08    1.58323e-08    1.35091e-08    1.26141e-08    1.14899e-08    1.05434e-08    9.38356e-09    9.02888e-09    8.04405e-09    6.99232e-09    6.68893e-09    6.28324e-09    5.99534e-09    5.44931e-09    5.00864e-09    4.89470e-09    4.75116e-09    4.57998e-09    4.27037e-09    4.05725e-09    4.04785e-09    4.26167e-09    4.31808e-09    4.49777e-09    4.50534e-09    4.49784e-09
    1.16626e-03    2.84227e-03    6.03500e-03    1.57890e-02    3.80072e-02    6.42350e-02    1.41088e-01    2.52758e-01    3.78317e-01    6.88465e-01    1.09323e+00    1.39904e+00    1.74912e+00    1.80784e+00    1.84141e+00    2.01605e+00    1.87853e+00    1.73851e+00    1.48999e+00    1.02136e+00    7.63691e-01    5.78676e-01    3.83646e-01    2.74170e-01    1.69030e-01    9.55005e-02    5.91537e-02    2.80432e-02    1.25615e-02    6.23048e-03    2.78337e-03    1.40325e-03    6.95982e-04    3.14294e-04    1.53919e-04    7.52209e-05    3.71536e-05    2.10423e-05    1.38427e-05    8.16226e-06    4.67045e-06    2.89555e-06    1.74213e-06    9.53461e-07    5.60713e-07    3.30705e-07    2.05471e-07    1.28104e-07    7.09874e-08    3.68366e-08    2.37244e-08    1.93921e-08    1.94255e-08    1.83165e-08    1.74051e-08    1.58344e-08    1.35109e-08    1.26157e-08    1.14914e-08    1.05448e-08    9.38481e-09    9.03008e-09    8.04512e-09    6.99325e-09    6.68982e-09    6.28407e-09    5.99614e-09    5.45003e-09    5.00931e-09    4.89536e-09    4.75180e-09    4.58059e-09    4.27094e-09    4.05779e-09    4.04839e-09    4.26224e-09    4.31865e-09    4.49837e-09    4.50594e-09    4.49844e-09
    1.18192e-03    2.86200e-03    5.93221e-03    1.57931e-02    3.78190e-02    6.40745e-02    1.41599e-01    2.52633e-01    3.78535e-01    6.88342e-01    1.09318e+00    1.39916e+00    1.74914e+00    1.80851e+00    1.84185e+00    2.01554e+00    1.87839e+00    1.73862e+00    1.49015e+00    1.02154e+00    7.63572e-01    5.77868e-01    3.83768e-01    2.74190e-01    1.69135e-01    9.56147e-02    5.89055e-02    2.78253e-02    1.24501e-02    6.30703e-03    2.77830e-03    1.39609e-03    7.00847e-04    3.15174e-04    1.57171e-04    7.52142e-05    3.71503e-05    2.18756e-05    1.38414e-05    8.21578e-06    4.67003e-06    2.89529e-06    1.74198e-06    9.53376e-07    5.60662e-07    3.30675e-07    2.05452e-07    1.28093e-07    7.09811e-08    3.68333e-08    2.37223e-08    1.93904e-08    1.94238e-08    1.83149e-08    1.74035e-08    1.58330e-08    1.35096e-08    1.26146e-08    1.14904e-08    1.05439e-08    9.38397e-09    9.02928e-09    8.04440e-09    6.99262e-09    6.68922e-09    6.28351e-09    5.99560e-09    5.44954e-09    5.00886e-09    4.89492e-09    4.75137e-09    4.58018e-09    4.27056e-09    4.05743e-09    4.04802e-09    4.26186e-09    4.31826e-09    4.49797e-09    4.50554e-09    4.49804e-09
    1.20699e-03    2.94545e-03    5.99448e-03    1.60625e-02    3.80868e-02    6.38177e-02    1.41876e-01    2.52254e-01    3.78732e-01    6.88688e-01    1.09355e+00    1.39956e+00    1.74943e+00    1.80819e+00    1.84158e+00    2.01542e+00    1.87887e+00    1.73838e+00    1.48902e+00    1.02111e+00    7.64437e-01    5.77815e-01    3.83635e-01    2.74479e-01    1.68979e-01    9.49599e-02    5.87716e-02    2.79734e-02    1.23254e-02    6.32244e-03    2.79428e-03    1.39907e-03    7.03199e-04    3.12118e-04    1.57373e-04    7.54575e-05    3.71498e-05    2.18753e-05    1.39091e-05    8.21568e-06    4.66997e-06    2.89525e-06    1.74196e-06    9.53364e-07    5.60655e-07    3.30671e-07    2.05450e-07    1.28091e-07    7.09802e-08    3.68328e-08    2.37220e-08    1.93901e-08    1.94235e-08    1.83147e-08    1.74033e-08    1.58328e-08    1.35095e-08    1.26145e-08    1.14902e-08    1.05437e-08    9.38386e-09    9.02916e-09    8.04430e-09    6.99254e-09    6.68914e-09    6.28343e-09    5.99552e-09    5.44948e-09    5.00880e-09    4.89486e-09    4.75131e-09    4.58012e-09    4.27051e-09    4.05738e-09    4.04797e-09    4.26181e-09    4.31821e-09    4.49791e-09    4.50548e-09    4.49798e-09
    1.19198e-03    2.90702e-03    6.17603e-03    1.59012e-02    3.80828e-02    6.37743e-02    1.40747e-01    2.52069e-01    3.78675e-01    6.88804e-01    1.09424e+00    1.39973e+00    1.74932e+00    1.80831e+00    1.84199e+00    2.01550e+00    1.87883e+00    1.73892e+00    1.48925e+00    1.02186e+00    7.64299e-01    5.77438e-01    3.83858e-01    2.74267e-01    1.68254e-01    9.45683e-02    5.90295e-02    2.76927e-02    1.24042e-02    6.32465e-03    2.81381e-03    1.41798e-03    7.15355e-04    3.14497e-04    1.56630e-04    7.73197e-05    3.71533e-05    2.13537e-05    1.39681e-05    8.21644e-06    4.67041e-06    2.89552e-06    1.74212e-06    9.53453e-07    5.60708e-07    3.30702e-07    2.05469e-07    1.28103e-07    7.09868e-08    3.68362e-08    2.37242e-08    1.93919e-08    1.94253e-08    1.83164e-08    1.74049e-08    1.58343e-08    1.35107e-08    1.26156e-08    1.14913e-08    1.05447e-08    9.38473e-09    9.03000e-09    8.04505e-09    6.99319e-09    6.68976e-09    6.28402e-09    5.99608e-09    5.44998e-09    5.00926e-09    4.89531e-09    4.75175e-09    4.58055e-09    4.27090e-09    4.05776e-09    4.04835e-09    4.26220e-09    4.31861e-09    4.49833e-09    4.50590e-09    4.49840e-09
    1.12873e-03    2.76163e-03    5.93623e-03    1.58347e-02    3.81822e-02    6.41084e-02    1.41007e-01    2.52488e-01    3.78420e-01    6.88603e-01    1.09339e+00    1.40038e+00    1.74909e+00    1.80903e+00    1.84215e+00    2.01523e+00    1.87866e+00    1.73857e+00    1.48882e+00    1.02215e+00    7.64219e-01    5.77889e-01    3.84194e-01    2.74013e-01    1.67592e-01    9.48328e-02    5.91937e-02    2.76414e-02    1.24444e-02    6.38161e-03    2.84764e-03    1.44218e-03    7.21364e-04    3.17954e-04    1.57990e-04    7.55798e-05    3.71106e-05    2.14079e-05    1.37542e-05    8.21651e-06    4.67045e-06    2.89554e-06    1.74213e-06    9.53461e-07    5.60712e-07    3.30705e-07    2.05470e-07    1.28104e-07    7.09874e-08    3.68365e-08    2.37244e-08    1.93921e-08    1.94255e-08    1.83165e-08    1.74051e-08    1.58344e-08    1.35109e-08    1.26157e-08    1.14914e-08    1.05448e-08    9.38481e-09    9.03008e-09    8.04511e-09    6.99324e-09    6.68982e-09    6.28407e-09    5.99613e-09    5.45003e-09    5.00931e-09    4.89535e-09    4.75179e-09    4.58058e-09    4.27094e-09    4.05779e-09    4.04838e-09    4.26224e-09    4.31865e-09    4.49837e-09    4.50594e-09    4.49844e-09
    1.17310e-03    2.79780e-03    6.00366e-03    1.55079e-02    3.78008e-02    6.28386e-02    1.40981e-01    2.52284e-01    3.77896e-01    6.89094e-01    1.09392e+00    1.39938e+00    1.74911e+00    1.80953e+00    1.84282e+00    2.01507e+00    1.87900e+00    1.73901e+00    1.48873e+00    1.02196e+00    7.64302e-01    5.77318e-01    3.84264e-01    2.74643e-01    1.67694e-01    9.52871e-02    5.94070e-02    2.80253e-02    1.22948e-02    6.32578e-03    2.77190e-03    1.41141e-03    7.03187e-04    3.18802e-04    1.55582e-04    7.58002e-05    3.73778e-05    2.14226e-05    1.37551e-05    8.21703e-06    4.67074e-06    2.89573e-06    1.74224e-06    9.53521e-07    5.60747e-07    3.30725e-07    2.05483e-07    1.28112e-07    7.09919e-08    3.68388e-08    2.37259e-08    1.93933e-08    1.94267e-08    1.83177e-08    1.74062e-08    1.58354e-08    1.35117e-08    1.26165e-08    1.14921e-08    1.05455e-08    9.38540e-09    9.03065e-09    8.04562e-09    6.99368e-09    6.69024e-09    6.28447e-09    5.99651e-09    5.45037e-09    5.00962e-09    4.89566e-09    4.75209e-09    4.58087e-09    4.27121e-09    4.05804e-09    4.04864e-09    4.26251e-09    4.31892e-09    4.49865e-09    4.50622e-09    4.49872e-09
    1.17474e-03    2.85294e-03    6.00508e-03    1.57292e-02    3.76795e-02    6.30063e-02    1.40599e-01    2.52382e-01    3.77901e-01    6.89321e-01    1.09360e+00    1.39957e+00    1.74952e+00    1.80951e+00    1.84312e+00    2.01512e+00    1.87877e+00    1.73942e+00    1.48900e+00    1.02136e+00    7.64754e-01    5.77625e-01    3.84311e-01    2.74215e-01    1.67498e-01    9.45033e-02    5.92243e-02    2.80655e-02    1.23933e-02    6.24890e-03    2.78377e-03    1.40315e-03    7.00409e-04    3.12688e-04    1.56655e-04    7.45593e-05    3.67920e-05    2.11025e-05    1.35891e-05    8.21770e-06    4.67112e-06    2.89596e-06    1.74238e-06    9.53599e-07    5.60793e-07    3.30752e-07    2.05500e-07    1.28123e-07    7.09977e-08    3.68419e-08    2.37278e-08    1.93949e-08    1.94283e-08    1.83192e-08    1.74076e-08    1.58367e-08    1.35128e-08    1.26176e-08    1.14931e-08    1.05463e-08    9.38617e-09    9.03139e-09    8.04628e-09    6.99426e-09    6.69079e-09    6.28498e-09    5.99700e-09    5.45082e-09    5.01003e-09    4.89606e-09    4.75248e-09    4.58125e-09    4.27156e-09    4.05838e-09    4.04897e-09    4.26286e-09    4.31927e-09    4.49902e-09    4.50659e-09    4.49909e-09
