   -3.84603e+00   -4.71736e+00   -5.48065e+00   -6.43176e+00   -7.31414e+00   -7.84993e+00   -8.63508e+00   -9.22040e+00   -9.62568e+00   -1.02262e+01   -1.06874e+01   -1.09341e+01   -1.11575e+01   -1.11905e+01   -1.12091e+01   -1.12997e+01   -1.12289e+01   -1.11518e+01   -1.09979e+01   -1.06197e+01   -1.03279e+01   -1.00481e+01   -9.63950e+00   -9.29945e+00   -8.82209e+00   -8.24760e+00   -7.77090e+00   -7.01222e+00   -6.20272e+00   -5.53700e+00   -4.71668e+00   -4.04504e+00   -3.33920e+00   -2.55219e+00   -1.85718e+00   -1.12485e+00   -3.94981e-01    1.44521e-01    6.00140e-01    1.14044e+00    1.67594e+00    2.16458e+00    2.66208e+00    3.26485e+00    3.79574e+00    4.32372e+00    4.79964e+00    5.27210e+00    5.86244e+00    6.51846e+00    6.95844e+00    7.16008e+00    7.15836e+00    7.21714e+00    7.26818e+00    7.36276e+00    7.52145e+00    7.59000e+00    7.68335e+00    7.76931e+00    7.88585e+00    7.92439e+00    8.03988e+00    8.18000e+00    8.22436e+00    8.28693e+00    8.33383e+00    8.42933e+00    8.51365e+00    8.53666e+00    8.56642e+00    8.60312e+00    8.67311e+00    8.72431e+00    8.72663e+00    8.67515e+00    8.66200e+00    8.62123e+00    8.61955e+00    8.62122e+00
   -3.83229e+00   -4.72854e+00   -5.48034e+00   -6.43292e+00   -7.31631e+00   -7.85377e+00   -8.63542e+00   -9.22139e+00   -9.62624e+00   -1.02264e+01   -1.06879e+01   -1.09346e+01   -1.11580e+01   -1.11909e+01   -1.12096e+01   -1.13003e+01   -1.12294e+01   -1.11524e+01   -1.09982e+01   -1.06202e+01   -1.03287e+01   -1.00489e+01   -9.64052e+00   -9.30091e+00   -8.82288e+00   -8.24759e+00   -7.77453e+00   -7.01399e+00   -6.20917e+00   -5.53265e+00   -4.70595e+00   -4.03732e+00   -3.33951e+00   -2.53719e+00   -1.83789e+00   -1.12012e+00   -3.98874e-01    1.44393e-01    5.88804e-01    1.13989e+00    1.68354e+00    2.16404e+00    2.66153e+00    3.26061e+00    3.79519e+00    4.32317e+00    4.79910e+00    5.27155e+00    5.86189e+00    6.51791e+00    6.95789e+00    7.15953e+00    7.15781e+00    7.21659e+00    7.26763e+00    7.36221e+00    7.52090e+00    7.58945e+00    7.68280e+00    7.76877e+00    7.88530e+00    7.92384e+00    8.03933e+00    8.17945e+00    8.22381e+00    8.28638e+00    8.33328e+00    8.42878e+00    8.51310e+00    8.53611e+00    8.56588e+00    8.60257e+00    8.67256e+00    8.72376e+00    8.72608e+00    8.67460e+00    8.66145e+00    8.62068e+00    8.61900e+00    8.62067e+00
   -3.85315e+00   -4.73765e+00   -5.49407e+00   -6.43940e+00   -7.31855e+00   -7.85118e+00   -8.63609e+00   -9.22045e+00   -9.62514e+00   -1.02248e+01   -1.06866e+01   -1.09334e+01   -1.11566e+01   -1.11896e+01   -1.12082e+01   -1.12988e+01   -1.12280e+01   -1.11510e+01   -1.09968e+01   -1.06188e+01   -1.03274e+01   -1.00477e+01   -9.63937e+00   -9.30020e+00   -8.82106e+00   -8.24699e+00   -7.77406e+00   -7.01131e+00   -6.22703e+00   -5.53472e+00   -4.70947e+00   -4.05100e+00   -3.32462e+00   -2.52942e+00   -1.82919e+00   -1.11189e+00   -3.95448e-01    1.38893e-01    5.90188e-01    1.12180e+00    1.67711e+00    2.15145e+00    2.66292e+00    3.26788e+00    3.79657e+00    4.32456e+00    4.80048e+00    5.27294e+00    5.86328e+00    6.51929e+00    6.95928e+00    7.16092e+00    7.15919e+00    7.21798e+00    7.26902e+00    7.36360e+00    7.52229e+00    7.59084e+00    7.68418e+00    7.77015e+00    7.88669e+00    7.92522e+00    8.04072e+00    8.18084e+00    8.22519e+00    8.28776e+00    8.33467e+00    8.43016e+00    8.51448e+00    8.53749e+00    8.56726e+00    8.60395e+00    8.67395e+00    8.72514e+00    8.72746e+00    8.67599e+00    8.66284e+00    8.62207e+00    8.62038e+00    8.62205e+00
   -3.82686e+00   -4.73189e+00   -5.48449e+00   -6.43723e+00   -7.31470e+00   -7.84941e+00   -8.63456e+00   -9.21941e+00   -9.62418e+00   -1.02244e+01   -1.06858e+01   -1.09327e+01   -1.11559e+01   -1.11889e+01   -1.12075e+01   -1.12981e+01   -1.12272e+01   -1.11502e+01   -1.09959e+01   -1.06181e+01   -1.03265e+01   -1.00471e+01   -9.63857e+00   -9.29933e+00   -8.82083e+00   -8.24675e+00   -7.77165e+00   -7.01211e+00   -6.21592e+00   -5.53754e+00   -4.71783e+00   -4.04812e+00   -3.36166e+00   -2.55260e+00   -1.84075e+00   -1.11433e+00   -4.05047e-01    1.34310e-01    5.78493e-01    1.12449e+00    1.67782e+00    2.15216e+00    2.66363e+00    3.26859e+00    3.79728e+00    4.32527e+00    4.80119e+00    5.27365e+00    5.86399e+00    6.52000e+00    6.95999e+00    7.16163e+00    7.15990e+00    7.21869e+00    7.26973e+00    7.36431e+00    7.52300e+00    7.59155e+00    7.68489e+00    7.77086e+00    7.88740e+00    7.92593e+00    8.04143e+00    8.18155e+00    8.22590e+00    8.28847e+00    8.33538e+00    8.43087e+00    8.51519e+00    8.53820e+00    8.56797e+00    8.60466e+00    8.67466e+00    8.72585e+00    8.72817e+00    8.67670e+00    8.66355e+00    8.62278e+00    8.62109e+00    8.62276e+00
   -3.85042e+00   -4.74110e+00   -5.48644e+00   -6.43899e+00   -7.31285e+00   -7.84886e+00   -8.63540e+00   -9.21893e+00   -9.62395e+00   -1.02240e+01   -1.06855e+01   -1.09324e+01   -1.11556e+01   -1.11887e+01   -1.12072e+01   -1.12977e+01   -1.12269e+01   -1.11500e+01   -1.09956e+01   -1.06179e+01   -1.03260e+01   -1.00463e+01   -9.63837e+00   -9.29921e+00   -8.82085e+00   -8.24712e+00   -7.76904e+00   -7.01247e+00   -6.21234e+00   -5.52929e+00   -4.70280e+00   -4.04218e+00   -3.36014e+00   -2.55768e+00   -1.85729e+00   -1.13853e+00   -3.97682e-01    1.40861e-01    5.93088e-01    1.12259e+00    1.67813e+00    2.15247e+00    2.66394e+00    3.26891e+00    3.79760e+00    4.32558e+00    4.80151e+00    5.27397e+00    5.86431e+00    6.52032e+00    6.96030e+00    7.16194e+00    7.16022e+00    7.21900e+00    7.27004e+00    7.36462e+00    7.52331e+00    7.59186e+00    7.68521e+00    7.77118e+00    7.88772e+00    7.92625e+00    8.04174e+00    8.18186e+00    8.22622e+00    8.28879e+00    8.33569e+00    8.43119e+00    8.51551e+00    8.53852e+00    8.56829e+00    8.60498e+00    8.67497e+00    8.72617e+00    8.72849e+00    8.67701e+00    8.66387e+00    8.62309e+00    8.62141e+00    8.62308e+00
   -3.85204e+00   -4.74274e+00   -5.50941e+00   -6.44894e+00   -7.31644e+00   -7.84872e+00   -8.63618e+00   -9.21887e+00   -9.62433e+00   -1.02246e+01   -1.06860e+01   -1.09329e+01   -1.11560e+01   -1.11891e+01   -1.12076e+01   -1.12981e+01   -1.12275e+01   -1.11503e+01   -1.09958e+01   -1.06183e+01   -1.03268e+01   -1.00465e+01   -9.63873e+00   -9.29984e+00   -8.82070e+00   -8.24571e+00   -7.76823e+00   -7.01855e+00   -6.20264e+00   -5.53047e+00   -4.72028e+00   -4.03868e+00   -3.36194e+00   -2.54146e+00   -1.84305e+00   -1.11447e+00   -3.84329e-01    1.40455e-01    5.92683e-01    1.12218e+00    1.67773e+00    2.15998e+00    2.66354e+00    3.26850e+00    3.79719e+00    4.32518e+00    4.80110e+00    5.27356e+00    5.86390e+00    6.51991e+00    6.95990e+00    7.16154e+00    7.15982e+00    7.21860e+00    7.26964e+00    7.36422e+00    7.52291e+00    7.59146e+00    7.68480e+00    7.77077e+00    7.88731e+00    7.92584e+00    8.04134e+00    8.18146e+00    8.22582e+00    8.28838e+00    8.33529e+00    8.43078e+00    8.51510e+00    8.53812e+00    8.56788e+00    8.60458e+00    8.67457e+00    8.72576e+00    8.72808e+00    8.67661e+00    8.66346e+00    8.62269e+00    8.62101e+00    8.62267e+00
   -3.85845e+00   -4.72723e+00   -5.49526e+00   -6.45061e+00   -7.31747e+00   -7.84889e+00   -8.63525e+00   -9.22018e+00   -9.62602e+00   -1.02261e+01   -1.06877e+01   -1.09343e+01   -1.11574e+01   -1.11905e+01   -1.12091e+01   -1.12996e+01   -1.12289e+01   -1.11518e+01   -1.09973e+01   -1.06199e+01   -1.03282e+01   -1.00478e+01   -9.64022e+00   -9.30134e+00   -8.82038e+00   -8.24571e+00   -7.77223e+00   -7.01825e+00   -6.21341e+00   -5.51825e+00   -4.70880e+00   -4.03620e+00   -3.33797e+00   -2.53951e+00   -1.83831e+00   -1.10287e+00   -4.01452e-01    1.54933e-01    5.89843e-01    1.13509e+00    1.67628e+00    2.15853e+00    2.66209e+00    3.26705e+00    3.79575e+00    4.32373e+00    4.79965e+00    5.27211e+00    5.86245e+00    6.51846e+00    6.95845e+00    7.16009e+00    7.15837e+00    7.21715e+00    7.26819e+00    7.36277e+00    7.52146e+00    7.59001e+00    7.68335e+00    7.76932e+00    7.88586e+00    7.92439e+00    8.03989e+00    8.18001e+00    8.22437e+00    8.28694e+00    8.33384e+00    8.42933e+00    8.51366e+00    8.53667e+00    8.56643e+00    8.60313e+00    8.67312e+00    8.72432e+00    8.72664e+00    8.67516e+00    8.66201e+00    8.62124e+00    8.61956e+00    8.62122e+00
   -3.86009e+00   -4.74010e+00   -5.49145e+00   -6.45469e+00   -7.32087e+00   -7.85072e+00   -8.63641e+00   -9.22111e+00   -9.62604e+00   -1.02265e+01   -1.06879e+01   -1.09350e+01   -1.11579e+01   -1.11911e+01   -1.12097e+01   -1.13000e+01   -1.12293e+01   -1.11522e+01   -1.09977e+01   -1.06204e+01   -1.03286e+01   -1.00484e+01   -9.64106e+00   -9.30204e+00   -8.81943e+00   -8.24629e+00   -7.77381e+00   -7.01783e+00   -6.21710e+00   -5.53656e+00   -4.70733e+00   -4.02767e+00   -3.33850e+00   -2.52960e+00   -1.81290e+00   -1.11724e+00   -3.74491e-01    1.76006e-01    5.94513e-01    1.13460e+00    1.67578e+00    2.14795e+00    2.66159e+00    3.26655e+00    3.79525e+00    4.32323e+00    4.79915e+00    5.27161e+00    5.86195e+00    6.51796e+00    6.95795e+00    7.15959e+00    7.15787e+00    7.21665e+00    7.26769e+00    7.36227e+00    7.52096e+00    7.58951e+00    7.68285e+00    7.76882e+00    7.88536e+00    7.92389e+00    8.03939e+00    8.17951e+00    8.22387e+00    8.28644e+00    8.33334e+00    8.42883e+00    8.51316e+00    8.53617e+00    8.56593e+00    8.60263e+00    8.67262e+00    8.72382e+00    8.72614e+00    8.67466e+00    8.66151e+00    8.62074e+00    8.61906e+00    8.62072e+00
   -3.84736e+00   -4.73151e+00   -5.49477e+00   -6.44925e+00   -7.32031e+00   -7.84621e+00   -8.63589e+00   -9.22120e+00   -9.62549e+00   -1.02268e+01   -1.06881e+01   -1.09348e+01   -1.11579e+01   -1.11912e+01   -1.12098e+01   -1.12999e+01   -1.12294e+01   -1.11523e+01   -1.09977e+01   -1.06205e+01   -1.03287e+01   -1.00480e+01   -9.64097e+00   -9.30254e+00   -8.81971e+00   -8.24877e+00   -7.77526e+00   -7.02230e+00   -6.20998e+00   -5.53842e+00   -4.72484e+00   -4.04098e+00   -3.34106e+00   -2.51279e+00   -1.81000e+00   -1.10288e+00   -3.82188e-01    1.61720e-01    5.95975e-01    1.13456e+00    1.67188e+00    2.14792e+00    2.66155e+00    3.26651e+00    3.79521e+00    4.32319e+00    4.79911e+00    5.27157e+00    5.86191e+00    6.51793e+00    6.95791e+00    7.15955e+00    7.15783e+00    7.21661e+00    7.26765e+00    7.36223e+00    7.52092e+00    7.58947e+00    7.68282e+00    7.76878e+00    7.88532e+00    7.92386e+00    8.03935e+00    8.17947e+00    8.22383e+00    8.28640e+00    8.33330e+00    8.42880e+00    8.51312e+00    8.53613e+00    8.56589e+00    8.60259e+00    8.67258e+00    8.72378e+00    8.72610e+00    8.67462e+00    8.66147e+00    8.62070e+00    8.61902e+00    8.62069e+00
   -3.85659e+00   -4.75453e+00   -5.48759e+00   -6.44631e+00   -7.32247e+00   -7.84741e+00   -8.63676e+00   -9.22246e+00   -9.62667e+00   -1.02282e+01   -1.06894e+01   -1.09360e+01   -1.11592e+01   -1.11925e+01   -1.12111e+01   -1.13012e+01   -1.12306e+01   -1.11537e+01   -1.09989e+01   -1.06216e+01   -1.03302e+01   -1.00495e+01   -9.64227e+00   -9.30354e+00   -8.82025e+00   -8.24666e+00   -7.77451e+00   -7.02668e+00   -6.20352e+00   -5.51071e+00   -4.70890e+00   -4.02785e+00   -3.33759e+00   -2.52437e+00   -1.81873e+00   -1.09862e+00   -3.75615e-01    1.73874e-01    6.18464e-01    1.13327e+00    1.67768e+00    2.15032e+00    2.66027e+00    3.26523e+00    3.79392e+00    4.32191e+00    4.79783e+00    5.27029e+00    5.86063e+00    6.51664e+00    6.95663e+00    7.15827e+00    7.15655e+00    7.21533e+00    7.26637e+00    7.36095e+00    7.51964e+00    7.58819e+00    7.68153e+00    7.76750e+00    7.88404e+00    7.92257e+00    8.03807e+00    8.17819e+00    8.22255e+00    8.28511e+00    8.33202e+00    8.42751e+00    8.51183e+00    8.53485e+00    8.56461e+00    8.60131e+00    8.67130e+00    8.72249e+00    8.72481e+00    8.67334e+00    8.66019e+00    8.61942e+00    8.61774e+00    8.61940e+00
