    5.14731e+03    3.78095e+02    5.01663e+01    1.08985e+01    4.83248e+00    3.01473e+00    4.03936e+00    1.35769e+01    4.33216e+01    2.29029e+02    2.07108e+03    9.97672e+03    8.68617e+04    5.34775e+05    2.54196e+06    6.65579e+06    3.20685e+07    3.89053e+07    1.39980e+08    2.27646e+08    3.25361e+08    4.37756e+08    5.37524e+08    6.24783e+08    1.01377e+09
    5.14607e+03    3.77560e+02    5.01457e+01    1.09002e+01    4.83283e+00    3.01483e+00    4.03964e+00    1.35736e+01    4.33026e+01    2.28568e+02    2.08122e+03    1.00562e+04    8.75753e+04    5.33621e+05    2.54476e+06    6.65420e+06    3.20616e+07    3.88996e+07    1.39981e+08    2.27651e+08    3.25368e+08    4.37765e+08    5.37535e+08    6.24795e+08    1.01379e+09
    5.07067e+03    3.75754e+02    5.01060e+01    1.09010e+01    4.83308e+00    3.01513e+00    4.03997e+00    1.35725e+01    4.32957e+01    2.28175e+02    2.06602e+03    1.00576e+04    8.80132e+04    5.30334e+05    2.52638e+06    6.64222e+06    3.20710e+07    3.88820e+07    1.39991e+08    2.27666e+08    3.25389e+08    4.37794e+08    5.37570e+08    6.24836e+08    1.01386e+09
    5.13044e+03    3.76726e+02    5.01323e+01    1.08998e+01    4.83285e+00    3.01501e+00    4.04013e+00    1.35725e+01    4.32871e+01    2.28394e+02    2.06095e+03    9.89888e+03    8.69549e+04    5.27333e+05    2.52565e+06    6.64123e+06    3.20691e+07    3.88765e+07    1.39983e+08    2.27652e+08    3.25370e+08    4.37768e+08    5.37538e+08    6.24799e+08    1.01380e+09
    5.07008e+03    3.76667e+02    5.01180e+01    1.08999e+01    4.83274e+00    3.01500e+00    4.04005e+00    1.35753e+01    4.32776e+01    2.28625e+02    2.07854e+03    9.92161e+03    8.61424e+04    5.29780e+05    2.52639e+06    6.64206e+06    3.20699e+07    3.88802e+07    1.39986e+08    2.27658e+08    3.25378e+08    4.37779e+08    5.37552e+08    6.24815e+08    1.01383e+09
    5.03914e+03    3.74537e+02    5.01217e+01    1.08990e+01    4.83253e+00    3.01506e+00    4.04035e+00    1.35753e+01    4.32947e+01    2.28593e+02    2.07176e+03    9.94260e+03    8.74255e+04    5.31258e+05    2.53218e+06    6.64922e+06    3.20733e+07    3.88943e+07    1.39991e+08    2.27663e+08    3.25385e+08    4.37789e+08    5.37564e+08    6.24829e+08    1.01385e+09
    5.08594e+03    3.75130e+02    5.01699e+01    1.08974e+01    4.83258e+00    3.01497e+00    4.04007e+00    1.35754e+01    4.33266e+01    2.28379e+02    2.08871e+03    1.00603e+04    8.79223e+04    5.33894e+05    2.53619e+06    6.65211e+06    3.20726e+07    3.89010e+07    1.39987e+08    2.27656e+08    3.25376e+08    4.37776e+08    5.37548e+08    6.24811e+08    1.01382e+09
    5.06042e+03    3.74253e+02    5.01447e+01    1.08992e+01    4.83236e+00    3.01503e+00    4.04032e+00    1.35745e+01    4.33435e+01    2.28246e+02    2.07570e+03    1.01072e+04    8.88747e+04    5.38366e+05    2.52966e+06    6.64405e+06    3.20692e+07    3.88898e+07    1.39985e+08    2.27656e+08    3.25376e+08    4.37776e+08    5.37548e+08    6.24810e+08    1.01382e+09
    5.09679e+03    3.75183e+02    5.01795e+01    1.08987e+01    4.83252e+00    3.01496e+00    4.04020e+00    1.35766e+01    4.33186e+01    2.27841e+02    2.06359e+03    1.00682e+04    8.92688e+04    5.36672e+05    2.52742e+06    6.64207e+06    3.20687e+07    3.88853e+07    1.39984e+08    2.27655e+08    3.25374e+08    4.37774e+08    5.37545e+08    6.24807e+08    1.01381e+09
    5.04581e+03    3.75654e+02    5.01848e+01    1.08977e+01    4.83222e+00    3.01487e+00    4.04015e+00    1.35743e+01    4.33520e+01    2.28130e+02    2.10326e+03    1.01442e+04    8.93827e+04    5.42797e+05    2.53603e+06    6.65010e+06    3.20687e+07    3.89020e+07    1.39977e+08    2.27641e+08    3.25354e+08    4.37747e+08    5.37512e+08    6.24769e+08    1.01375e+09
