    5.84189e-05    1.39626e-04    2.99544e-04    7.75390e-04    1.87384e-03    3.20202e-03    7.02122e-03    1.26070e-02    1.89070e-02    3.44684e-02    5.46656e-02    6.99653e-02    8.74770e-02    9.04060e-02    9.21030e-02    1.00842e-01    9.39451e-02    8.69778e-02    7.45704e-02    5.10896e-02    3.81583e-02    2.88462e-02    1.91702e-02    1.36440e-02    8.46506e-03    4.76573e-03    2.95872e-03    1.38552e-03    6.16665e-04    3.16906e-04    1.39531e-04    7.12820e-05    3.51917e-05    1.60193e-05    7.99480e-06    3.84381e-06    1.85260e-06    1.08014e-06    6.84866e-07    3.98986e-07    2.33557e-07    1.43277e-07    8.71196e-08    4.76801e-08    2.80398e-08    1.65377e-08    1.02751e-08    6.40616e-09    3.54990e-09    1.84210e-09    1.18640e-09    9.69749e-10    9.71419e-10    9.15962e-10    8.70384e-10    7.91838e-10    6.75643e-10    6.30881e-10    5.74656e-10    5.27318e-10    4.69310e-10    4.51571e-10    4.02316e-10    3.49714e-10    3.34541e-10    3.14250e-10    2.99851e-10    2.72542e-10    2.50503e-10    2.44804e-10    2.37625e-10    2.29063e-10    2.13579e-10    2.02920e-10    2.02449e-10    2.13144e-10    2.15965e-10    2.24952e-10    2.25331e-10    2.24956e-10
    5.75886e-05    1.41116e-04    2.99278e-04    7.75848e-04    1.87684e-03    3.21252e-03    7.01956e-03    1.26123e-02    1.89067e-02    3.44570e-02    5.46618e-02    6.99583e-02    8.74717e-02    9.03986e-02    9.21009e-02    1.00841e-01    9.39408e-02    8.69811e-02    7.45537e-02    5.10826e-02    3.81667e-02    2.88532e-02    1.91788e-02    1.36562e-02    8.46690e-03    4.76297e-03    2.96777e-03    1.38718e-03    6.20303e-04    3.15352e-04    1.37963e-04    7.06941e-05    3.51825e-05    1.57719e-05    7.83759e-06    3.82347e-06    1.85877e-06    1.07966e-06    6.92280e-07    3.98978e-07    2.31656e-07    1.43274e-07    8.71179e-08    4.78556e-08    2.80392e-08    1.65374e-08    1.02748e-08    6.40603e-09    3.54983e-09    1.84206e-09    1.18637e-09    9.69729e-10    9.71400e-10    9.15944e-10    8.70367e-10    7.91822e-10    6.75630e-10    6.30869e-10    5.74644e-10    5.27308e-10    4.69301e-10    4.51562e-10    4.02308e-10    3.49707e-10    3.34534e-10    3.14244e-10    2.99845e-10    2.72537e-10    2.50498e-10    2.44799e-10    2.37620e-10    2.29059e-10    2.13575e-10    2.02916e-10    2.02445e-10    2.13140e-10    2.15960e-10    2.24947e-10    2.25326e-10    2.24951e-10
    5.88805e-05    1.42595e-04    3.03818e-04    7.81925e-04    1.88353e-03    3.20842e-03    7.03354e-03    1.26170e-02    1.89109e-02    3.44456e-02    5.46625e-02    6.99625e-02    8.74600e-02    9.03972e-02    9.20961e-02    1.00823e-01    9.39338e-02    8.69693e-02    7.45469e-02    5.10825e-02    3.81672e-02    2.88562e-02    1.91820e-02    1.36645e-02    8.46263e-03    4.76642e-03    2.97031e-03    1.38529e-03    6.32314e-04    3.16421e-04    1.38633e-04    7.17623e-05    3.47082e-05    1.56705e-05    7.77994e-06    3.79714e-06    1.85485e-06    1.08705e-06    6.92234e-07    4.06797e-07    2.33458e-07    1.45280e-07    8.71121e-08    4.75715e-08    2.80374e-08    1.65363e-08    1.02742e-08    6.40560e-09    3.54959e-09    1.84194e-09    1.18629e-09    9.69665e-10    9.71335e-10    9.15883e-10    8.70309e-10    7.91769e-10    6.75585e-10    6.30827e-10    5.74606e-10    5.27273e-10    4.69270e-10    4.51532e-10    4.02281e-10    3.49684e-10    3.34512e-10    3.14223e-10    2.99826e-10    2.72519e-10    2.50481e-10    2.44783e-10    2.37605e-10    2.29044e-10    2.13560e-10    2.02902e-10    2.02432e-10    2.13125e-10    2.15946e-10    2.24932e-10    2.25311e-10    2.24936e-10
    5.73967e-05    1.41885e-04    3.01153e-04    7.80829e-04    1.87774e-03    3.20520e-03    7.02818e-03    1.26137e-02    1.89073e-02    3.44590e-02    5.46614e-02    6.99669e-02    8.74649e-02    9.04005e-02    9.20974e-02    1.00834e-01    9.39339e-02    8.69711e-02    7.45347e-02    5.10841e-02    3.81625e-02    2.88593e-02    1.91813e-02    1.36632e-02    8.46724e-03    4.76891e-03    2.96541e-03    1.38746e-03    6.25806e-04    3.17559e-04    1.39904e-04    7.16108e-05    3.60456e-05    1.60503e-05    7.87645e-06    3.80935e-06    1.87418e-06    1.09288e-06    7.00916e-07    4.06013e-07    2.33472e-07    1.45289e-07    8.71173e-08    4.75743e-08    2.80390e-08    1.65373e-08    1.02748e-08    6.40598e-09    3.54980e-09    1.84205e-09    1.18636e-09    9.69722e-10    9.71393e-10    9.15937e-10    8.70361e-10    7.91816e-10    6.75625e-10    6.30864e-10    5.74640e-10    5.27304e-10    4.69298e-10    4.51559e-10    4.02305e-10    3.49705e-10    3.34532e-10    3.14242e-10    2.99843e-10    2.72535e-10    2.50496e-10    2.44798e-10    2.37619e-10    2.29057e-10    2.13573e-10    2.02914e-10    2.02444e-10    2.13138e-10    2.15959e-10    2.24946e-10    2.25325e-10    2.24949e-10
    5.87818e-05    1.43239e-04    3.01829e-04    7.82430e-04    1.87482e-03    3.20439e-03    7.03615e-03    1.26112e-02    1.89086e-02    3.44559e-02    5.46636e-02    6.99669e-02    8.74641e-02    9.04081e-02    9.21018e-02    1.00827e-01    9.39343e-02    8.69749e-02    7.45368e-02    5.10889e-02    3.81568e-02    2.88456e-02    1.91831e-02    1.36654e-02    8.46986e-03    4.77205e-03    2.95856e-03    1.38837e-03    6.23756e-04    3.15041e-04    1.37858e-04    7.12072e-05    3.60014e-05    1.61368e-05    8.01010e-06    3.90378e-06    1.86097e-06    1.08606e-06    6.90961e-07    4.06907e-07    2.33466e-07    1.45285e-07    8.71150e-08    4.75731e-08    2.80383e-08    1.65368e-08    1.02745e-08    6.40582e-09    3.54971e-09    1.84200e-09    1.18633e-09    9.69698e-10    9.71368e-10    9.15914e-10    8.70339e-10    7.91796e-10    6.75608e-10    6.30848e-10    5.74626e-10    5.27290e-10    4.69286e-10    4.51548e-10    4.02295e-10    3.49696e-10    3.34523e-10    3.14234e-10    2.99836e-10    2.72528e-10    2.50490e-10    2.44791e-10    2.37613e-10    2.29051e-10    2.13568e-10    2.02909e-10    2.02439e-10    2.13133e-10    2.15953e-10    2.24940e-10    2.25319e-10    2.24944e-10
    5.88524e-05    1.43413e-04    3.08708e-04    7.89918e-04    1.88076e-03    3.20256e-03    7.03860e-03    1.26052e-02    1.89076e-02    3.44619e-02    5.46657e-02    6.99780e-02    8.74686e-02    9.04048e-02    9.20971e-02    1.00822e-01    9.39428e-02    8.69681e-02    7.45204e-02    5.10851e-02    3.81680e-02    2.88398e-02    1.91819e-02    1.36682e-02    8.46498e-03    4.76332e-03    2.95490e-03    1.39624e-03    6.17470e-04    3.15280e-04    1.40228e-04    7.09285e-05    3.60509e-05    1.58703e-05    7.89347e-06    3.80934e-06    1.83550e-06    1.08604e-06    6.90946e-07    4.06898e-07    2.33461e-07    1.44138e-07    8.71132e-08    4.75720e-08    2.80377e-08    1.65365e-08    1.02743e-08    6.40568e-09    3.54964e-09    1.84197e-09    1.18631e-09    9.69677e-10    9.71347e-10    9.15894e-10    8.70320e-10    7.91779e-10    6.75593e-10    6.30835e-10    5.74613e-10    5.27279e-10    4.69276e-10    4.51538e-10    4.02286e-10    3.49689e-10    3.34516e-10    3.14227e-10    2.99829e-10    2.72522e-10    2.50484e-10    2.44786e-10    2.37608e-10    2.29046e-10    2.13563e-10    2.02905e-10    2.02434e-10    2.13128e-10    2.15949e-10    2.24935e-10    2.25314e-10    2.24939e-10
    5.91467e-05    1.41005e-04    3.03940e-04    7.90117e-04    1.88002e-03    3.19856e-03    7.02214e-03    1.26037e-02    1.89127e-02    3.44639e-02    5.46812e-02    6.99763e-02    8.74634e-02    9.04063e-02    9.21055e-02    1.00824e-01    9.39416e-02    8.69731e-02    7.45231e-02    5.10983e-02    3.81702e-02    2.88354e-02    1.91832e-02    1.36694e-02    8.45024e-03    4.75658e-03    2.96254e-03    1.39384e-03    6.23272e-04    3.11009e-04    1.38431e-04    7.06523e-05    3.51470e-05    1.58169e-05    7.84506e-06    3.76006e-06    1.86455e-06    1.06891e-06    6.91928e-07    4.01108e-07    2.33468e-07    1.44142e-07    8.71157e-08    4.75734e-08    2.80385e-08    1.65370e-08    1.02746e-08    6.40587e-09    3.54974e-09    1.84202e-09    1.18634e-09    9.69705e-10    9.71376e-10    9.15921e-10    8.70345e-10    7.91802e-10    6.75613e-10    6.30853e-10    5.74630e-10    5.27294e-10    4.69289e-10    4.51551e-10    4.02298e-10    3.49699e-10    3.34526e-10    3.14236e-10    2.99838e-10    2.72530e-10    2.50491e-10    2.44793e-10    2.37614e-10    2.29053e-10    2.13569e-10    2.02911e-10    2.02440e-10    2.13134e-10    2.15955e-10    2.24942e-10    2.25321e-10    2.24945e-10
    5.92140e-05    1.42761e-04    3.02634e-04    7.92950e-04    1.88549e-03    3.20283e-03    7.02678e-03    1.26091e-02    1.89037e-02    3.44598e-02    5.46672e-02    6.99870e-02    8.74615e-02    9.04162e-02    9.21099e-02    1.00816e-01    9.39383e-02    8.69699e-02    7.45136e-02    5.10982e-02    3.81665e-02    2.88387e-02    1.91898e-02    1.36720e-02    8.43798e-03    4.75697e-03    2.96573e-03    1.39256e-03    6.25262e-04    3.16597e-04    1.38159e-04    7.00172e-05    3.51483e-05    1.56531e-05    7.64442e-06    3.81261e-06    1.81405e-06    1.04610e-06    6.88361e-07    4.01108e-07    2.33468e-07    1.45601e-07    8.71158e-08    4.75735e-08    2.80386e-08    1.65370e-08    1.02746e-08    6.40587e-09    3.54974e-09    1.84202e-09    1.18634e-09    9.69706e-10    9.71376e-10    9.15922e-10    8.70346e-10    7.91803e-10    6.75613e-10    6.30853e-10    5.74631e-10    5.27295e-10    4.69290e-10    4.51551e-10    4.02298e-10    3.49699e-10    3.34526e-10    3.14237e-10    2.99838e-10    2.72530e-10    2.50492e-10    2.44793e-10    2.37615e-10    2.29053e-10    2.13569e-10    2.02911e-10    2.02440e-10    2.13134e-10    2.15955e-10    2.24942e-10    2.25321e-10    2.24946e-10
    5.84634e-05    1.41535e-04    3.03631e-04    7.88621e-04    1.88436e-03    3.18833e-03    7.02287e-03    1.26100e-02    1.88927e-02    3.44682e-02    5.46750e-02    6.99712e-02    8.74572e-02    9.04246e-02    9.21184e-02    1.00809e-01    9.39412e-02    8.69761e-02    7.45140e-02    5.11015e-02    3.81665e-02    2.88270e-02    1.91875e-02    1.36785e-02    8.44007e-03    4.76859e-03    2.96995e-03    1.39876e-03    6.20804e-04    3.17175e-04    1.40595e-04    7.09529e-05    3.52369e-05    1.53917e-05    7.62203e-06    3.75813e-06    1.82801e-06    1.06111e-06    6.87333e-07    4.01111e-07    2.34372e-07    1.45602e-07    8.71162e-08    4.75737e-08    2.80387e-08    1.65371e-08    1.02747e-08    6.40591e-09    3.54976e-09    1.84203e-09    1.18635e-09    9.69711e-10    9.71381e-10    9.15926e-10    8.70351e-10    7.91807e-10    6.75617e-10    6.30857e-10    5.74634e-10    5.27298e-10    4.69292e-10    4.51554e-10    4.02300e-10    3.49701e-10    3.34528e-10    3.14238e-10    2.99840e-10    2.72531e-10    2.50493e-10    2.44795e-10    2.37616e-10    2.29054e-10    2.13571e-10    2.02912e-10    2.02441e-10    2.13135e-10    2.15956e-10    2.24943e-10    2.25322e-10    2.24947e-10
    5.89333e-05    1.44653e-04    3.01090e-04    7.85350e-04    1.88613e-03    3.18823e-03    7.02039e-03    1.26104e-02    1.88918e-02    3.44764e-02    5.46764e-02    6.99713e-02    8.74666e-02    9.04279e-02    9.21271e-02    1.00810e-01    9.39374e-02    8.69838e-02    7.45146e-02    5.10927e-02    3.81775e-02    2.88336e-02    1.91888e-02    1.36754e-02    8.43430e-03    4.75272e-03    2.96409e-03    1.40318e-03    6.16058e-04    3.08132e-04    1.38202e-04    6.99422e-05    3.50722e-05    1.55520e-05    7.67943e-06    3.73758e-06    1.81381e-06    1.04701e-06    6.71227e-07    4.01135e-07    2.32734e-07    1.45076e-07    8.71215e-08    4.75766e-08    2.80404e-08    1.65381e-08    1.02753e-08    6.40630e-09    3.54998e-09    1.84214e-09    1.18642e-09    9.69770e-10    9.71440e-10    9.15982e-10    8.70403e-10    7.91855e-10    6.75658e-10    6.30895e-10    5.74668e-10    5.27330e-10    4.69321e-10    4.51581e-10    4.02325e-10    3.49722e-10    3.34548e-10    3.14257e-10    2.99858e-10    2.72548e-10    2.50508e-10    2.44810e-10    2.37630e-10    2.29068e-10    2.13583e-10    2.02924e-10    2.02454e-10    2.13148e-10    2.15969e-10    2.24957e-10    2.25336e-10    2.24960e-10
