    1.16838e-03    2.79252e-03    5.99087e-03    1.55078e-02    3.74768e-02    6.40405e-02    1.40424e-01    2.52141e-01    3.78140e-01    6.89369e-01    1.09331e+00    1.39931e+00    1.74954e+00    1.80812e+00    1.84206e+00    2.01684e+00    1.87890e+00    1.73956e+00    1.49141e+00    1.02179e+00    7.63167e-01    5.76924e-01    3.83404e-01    2.72880e-01    1.69301e-01    9.53146e-02    5.91745e-02    2.77104e-02    1.23333e-02    6.33812e-03    2.79061e-03    1.42564e-03    7.03833e-04    3.20386e-04    1.59896e-04    7.68761e-05    3.70520e-05    2.16027e-05    1.36973e-05    7.97971e-06    4.67114e-06    2.86554e-06    1.74239e-06    9.53603e-07    5.60796e-07    3.30754e-07    2.05501e-07    1.28123e-07    7.09980e-08    3.68420e-08    2.37279e-08    1.93950e-08    1.94284e-08    1.83192e-08    1.74077e-08    1.58368e-08    1.35129e-08    1.26176e-08    1.14931e-08    1.05464e-08    9.38621e-09    9.03143e-09    8.04632e-09    6.99429e-09    6.69082e-09    6.28501e-09    5.99703e-09    5.45084e-09    5.01005e-09    4.89608e-09    4.75250e-09    4.58127e-09    4.27158e-09    4.05839e-09    4.04899e-09    4.26288e-09    4.31929e-09    4.49904e-09    4.50661e-09    4.49911e-09
    1.15177e-03    2.82232e-03    5.98557e-03    1.55170e-02    3.75368e-02    6.42503e-02    1.40391e-01    2.52246e-01    3.78135e-01    6.89140e-01    1.09324e+00    1.39917e+00    1.74943e+00    1.80797e+00    1.84202e+00    2.01681e+00    1.87882e+00    1.73962e+00    1.49107e+00    1.02165e+00    7.63334e-01    5.77063e-01    3.83576e-01    2.73123e-01    1.69338e-01    9.52594e-02    5.93555e-02    2.77436e-02    1.24061e-02    6.30703e-03    2.75926e-03    1.41388e-03    7.03650e-04    3.15439e-04    1.56752e-04    7.64695e-05    3.71753e-05    2.15932e-05    1.38456e-05    7.97955e-06    4.63311e-06    2.86548e-06    1.74236e-06    9.57111e-07    5.60785e-07    3.30747e-07    2.05497e-07    1.28121e-07    7.09966e-08    3.68413e-08    2.37275e-08    1.93946e-08    1.94280e-08    1.83189e-08    1.74073e-08    1.58364e-08    1.35126e-08    1.26174e-08    1.14929e-08    1.05462e-08    9.38602e-09    9.03125e-09    8.04615e-09    6.99415e-09    6.69068e-09    6.28488e-09    5.99691e-09    5.45073e-09    5.00995e-09    4.89599e-09    4.75241e-09    4.58118e-09    4.27149e-09    4.05831e-09    4.04891e-09    4.26279e-09    4.31921e-09    4.49895e-09    4.50652e-09    4.49902e-09
    1.17761e-03    2.85190e-03    6.07635e-03    1.56385e-02    3.76706e-02    6.41684e-02    1.40671e-01    2.52341e-01    3.78219e-01    6.88912e-01    1.09325e+00    1.39925e+00    1.74920e+00    1.80794e+00    1.84192e+00    2.01646e+00    1.87868e+00    1.73939e+00    1.49094e+00    1.02165e+00    7.63344e-01    5.77123e-01    3.83640e-01    2.73290e-01    1.69253e-01    9.53284e-02    5.94061e-02    2.77057e-02    1.26463e-02    6.32842e-03    2.77266e-03    1.43525e-03    6.94165e-04    3.13410e-04    1.55599e-04    7.59428e-05    3.70970e-05    2.17409e-05    1.38447e-05    8.13595e-06    4.66917e-06    2.90560e-06    1.74224e-06    9.51429e-07    5.60748e-07    3.30725e-07    2.05483e-07    1.28112e-07    7.09919e-08    3.68389e-08    2.37259e-08    1.93933e-08    1.94267e-08    1.83177e-08    1.74062e-08    1.58354e-08    1.35117e-08    1.26165e-08    1.14921e-08    1.05455e-08    9.38540e-09    9.03065e-09    8.04562e-09    6.99368e-09    6.69024e-09    6.28447e-09    5.99651e-09    5.45037e-09    5.00962e-09    4.89566e-09    4.75209e-09    4.58087e-09    4.27121e-09    4.05804e-09    4.04864e-09    4.26251e-09    4.31892e-09    4.49865e-09    4.50623e-09    4.49872e-09
    1.14793e-03    2.83770e-03    6.02305e-03    1.56166e-02    3.75547e-02    6.41041e-02    1.40564e-01    2.52274e-01    3.78146e-01    6.89180e-01    1.09323e+00    1.39934e+00    1.74930e+00    1.80801e+00    1.84195e+00    2.01668e+00    1.87868e+00    1.73942e+00    1.49069e+00    1.02168e+00    7.63251e-01    5.77186e-01    3.83626e-01    2.73263e-01    1.69345e-01    9.53782e-02    5.93082e-02    2.77492e-02    1.25161e-02    6.35117e-03    2.79809e-03    1.43222e-03    7.20912e-04    3.21006e-04    1.57529e-04    7.61869e-05    3.74837e-05    2.18576e-05    1.40183e-05    8.12027e-06    4.66944e-06    2.90578e-06    1.74235e-06    9.51485e-07    5.60781e-07    3.30745e-07    2.05496e-07    1.28120e-07    7.09961e-08    3.68410e-08    2.37273e-08    1.93944e-08    1.94279e-08    1.83187e-08    1.74072e-08    1.58363e-08    1.35125e-08    1.26173e-08    1.14928e-08    1.05461e-08    9.38596e-09    9.03118e-09    8.04610e-09    6.99410e-09    6.69063e-09    6.28484e-09    5.99687e-09    5.45069e-09    5.00992e-09    4.89595e-09    4.75237e-09    4.58114e-09    4.27146e-09    4.05829e-09    4.04888e-09    4.26276e-09    4.31918e-09    4.49892e-09    4.50649e-09    4.49899e-09
    1.17564e-03    2.86478e-03    6.03658e-03    1.56486e-02    3.74964e-02    6.40878e-02    1.40723e-01    2.52225e-01    3.78171e-01    6.89119e-01    1.09327e+00    1.39934e+00    1.74928e+00    1.80816e+00    1.84204e+00    2.01653e+00    1.87869e+00    1.73950e+00    1.49074e+00    1.02178e+00    7.63137e-01    5.76913e-01    3.83663e-01    2.73309e-01    1.69397e-01    9.54411e-02    5.91713e-02    2.77673e-02    1.24751e-02    6.30082e-03    2.75715e-03    1.42414e-03    7.20029e-04    3.22736e-04    1.60202e-04    7.80755e-05    3.72194e-05    2.17212e-05    1.38192e-05    8.13814e-06    4.66932e-06    2.90570e-06    1.74230e-06    9.51461e-07    5.60766e-07    3.30737e-07    2.05490e-07    1.28116e-07    7.09943e-08    3.68401e-08    2.37267e-08    1.93940e-08    1.94274e-08    1.83183e-08    1.74068e-08    1.58359e-08    1.35122e-08    1.26170e-08    1.14925e-08    1.05458e-08    9.38572e-09    9.03095e-09    8.04589e-09    6.99392e-09    6.69046e-09    6.28468e-09    5.99671e-09    5.45056e-09    5.00979e-09    4.89583e-09    4.75225e-09    4.58103e-09    4.27135e-09    4.05818e-09    4.04877e-09    4.26265e-09    4.31907e-09    4.49880e-09    4.50638e-09    4.49887e-09
    1.17705e-03    2.86826e-03    6.17416e-03    1.57984e-02    3.76152e-02    6.40512e-02    1.40772e-01    2.52104e-01    3.78153e-01    6.89239e-01    1.09331e+00    1.39956e+00    1.74937e+00    1.80810e+00    1.84194e+00    2.01645e+00    1.87886e+00    1.73936e+00    1.49041e+00    1.02170e+00    7.63360e-01    5.76797e-01    3.83637e-01    2.73364e-01    1.69300e-01    9.52665e-02    5.90980e-02    2.79247e-02    1.23494e-02    6.30560e-03    2.80456e-03    1.41857e-03    7.21018e-04    3.17405e-04    1.57869e-04    7.61867e-05    3.67101e-05    2.17207e-05    1.38189e-05    8.13797e-06    4.66922e-06    2.88275e-06    1.74226e-06    9.51441e-07    5.60754e-07    3.30729e-07    2.05486e-07    1.28114e-07    7.09927e-08    3.68393e-08    2.37262e-08    1.93935e-08    1.94269e-08    1.83179e-08    1.74064e-08    1.58356e-08    1.35119e-08    1.26167e-08    1.14923e-08    1.05456e-08    9.38551e-09    9.03076e-09    8.04572e-09    6.99377e-09    6.69032e-09    6.28454e-09    5.99658e-09    5.45044e-09    5.00968e-09    4.89572e-09    4.75215e-09    4.58093e-09    4.27126e-09    4.05809e-09    4.04869e-09    4.26256e-09    4.31897e-09    4.49870e-09    4.50628e-09    4.49878e-09
    1.18293e-03    2.82010e-03    6.07881e-03    1.58023e-02    3.76004e-02    6.39713e-02    1.40443e-01    2.52075e-01    3.78253e-01    6.89277e-01    1.09362e+00    1.39953e+00    1.74927e+00    1.80813e+00    1.84211e+00    2.01648e+00    1.87883e+00    1.73946e+00    1.49046e+00    1.02197e+00    7.63404e-01    5.76707e-01    3.83664e-01    2.73387e-01    1.69005e-01    9.51316e-02    5.92508e-02    2.78768e-02    1.24654e-02    6.22017e-03    2.76863e-03    1.41305e-03    7.02940e-04    3.16338e-04    1.56901e-04    7.52012e-05    3.72911e-05    2.13782e-05    1.38386e-05    8.02216e-06    4.66936e-06    2.88284e-06    1.74231e-06    9.51468e-07    5.60771e-07    3.30739e-07    2.05492e-07    1.28117e-07    7.09948e-08    3.68404e-08    2.37269e-08    1.93941e-08    1.94275e-08    1.83184e-08    1.74069e-08    1.58360e-08    1.35123e-08    1.26171e-08    1.14926e-08    1.05459e-08    9.38579e-09    9.03102e-09    8.04595e-09    6.99397e-09    6.69051e-09    6.28473e-09    5.99676e-09    5.45060e-09    5.00983e-09    4.89586e-09    4.75229e-09    4.58106e-09    4.27139e-09    4.05821e-09    4.04881e-09    4.26268e-09    4.31910e-09    4.49883e-09    4.50641e-09    4.49891e-09
    1.18428e-03    2.85522e-03    6.05268e-03    1.58590e-02    3.77098e-02    6.40566e-02    1.40536e-01    2.52183e-01    3.78074e-01    6.89197e-01    1.09334e+00    1.39974e+00    1.74923e+00    1.80832e+00    1.84220e+00    2.01632e+00    1.87877e+00    1.73940e+00    1.49027e+00    1.02196e+00    7.63330e-01    5.76773e-01    3.83796e-01    2.73441e-01    1.68760e-01    9.51393e-02    5.93147e-02    2.78513e-02    1.25052e-02    6.33194e-03    2.76318e-03    1.40034e-03    7.02966e-04    3.13063e-04    1.52888e-04    7.62521e-05    3.62810e-05    2.09219e-05    1.37672e-05    8.02217e-06    4.66936e-06    2.91203e-06    1.74232e-06    9.51469e-07    5.60771e-07    3.30739e-07    2.05492e-07    1.28117e-07    7.09949e-08    3.68404e-08    2.37269e-08    1.93941e-08    1.94275e-08    1.83184e-08    1.74069e-08    1.58361e-08    1.35123e-08    1.26171e-08    1.14926e-08    1.05459e-08    9.38579e-09    9.03103e-09    8.04596e-09    6.99398e-09    6.69052e-09    6.28473e-09    5.99676e-09    5.45060e-09    5.00983e-09    4.89587e-09    4.75229e-09    4.58106e-09    4.27139e-09    4.05822e-09    4.04881e-09    4.26269e-09    4.31910e-09    4.49884e-09    4.50641e-09    4.49891e-09
    1.16927e-03    2.83071e-03    6.07261e-03    1.57724e-02    3.76873e-02    6.37665e-02    1.40457e-01    2.52200e-01    3.77854e-01    6.89364e-01    1.09350e+00    1.39942e+00    1.74914e+00    1.80849e+00    1.84237e+00    2.01618e+00    1.87882e+00    1.73952e+00    1.49028e+00    1.02203e+00    7.63330e-01    5.76540e-01    3.83750e-01    2.73570e-01    1.68801e-01    9.53718e-02    5.93990e-02    2.79752e-02    1.24161e-02    6.34351e-03    2.81190e-03    1.41906e-03    7.04739e-04    3.07834e-04    1.52441e-04    7.51627e-05    3.65602e-05    2.12223e-05    1.37467e-05    8.02221e-06    4.68745e-06    2.91205e-06    1.74232e-06    9.51474e-07    5.60774e-07    3.30741e-07    2.05493e-07    1.28118e-07    7.09952e-08    3.68406e-08    2.37270e-08    1.93942e-08    1.94276e-08    1.83185e-08    1.74070e-08    1.58361e-08    1.35123e-08    1.26171e-08    1.14927e-08    1.05460e-08    9.38584e-09    9.03107e-09    8.04600e-09    6.99402e-09    6.69055e-09    6.28476e-09    5.99679e-09    5.45063e-09    5.00986e-09    4.89589e-09    4.75232e-09    4.58109e-09    4.27141e-09    4.05824e-09    4.04883e-09    4.26271e-09    4.31912e-09    4.49886e-09    4.50644e-09    4.49893e-09
    1.17867e-03    2.89307e-03    6.02180e-03    1.57070e-02    3.77227e-02    6.37646e-02    1.40408e-01    2.52208e-01    3.77835e-01    6.89528e-01    1.09353e+00    1.39943e+00    1.74933e+00    1.80856e+00    1.84254e+00    2.01621e+00    1.87875e+00    1.73968e+00    1.49029e+00    1.02185e+00    7.63551e-01    5.76671e-01    3.83777e-01    2.73508e-01    1.68686e-01    9.50544e-02    5.92818e-02    2.80637e-02    1.23212e-02    6.16265e-03    2.76405e-03    1.39884e-03    7.01443e-04    3.11040e-04    1.53589e-04    7.47515e-05    3.62762e-05    2.09403e-05    1.34245e-05    8.02270e-06    4.65468e-06    2.90151e-06    1.74243e-06    9.51532e-07    5.60808e-07    3.30761e-07    2.05506e-07    1.28126e-07    7.09995e-08    3.68428e-08    2.37284e-08    1.93954e-08    1.94288e-08    1.83196e-08    1.74081e-08    1.58371e-08    1.35132e-08    1.26179e-08    1.14934e-08    1.05466e-08    9.38641e-09    9.03162e-09    8.04649e-09    6.99444e-09    6.69096e-09    6.28515e-09    5.99716e-09    5.45096e-09    5.01016e-09    4.89619e-09    4.75261e-09    4.58137e-09    4.27167e-09    4.05848e-09    4.04908e-09    4.26297e-09    4.31939e-09    4.49913e-09    4.50671e-09    4.49921e-09
