# window_id x0 y0 force_constant
w000 -180.00000000 0.00000000 0.01523087
w001 -180.00000000 15.00000000 0.01523087
w002 -180.00000000 30.00000000 0.01523087
w003 -180.00000000 45.00000000 0.01523087
w004 -180.00000000 60.00000000 0.01523087
w005 -180.00000000 75.00000000 0.01523087
w006 -180.00000000 90.00000000 0.01523087
w007 -180.00000000 105.00000000 0.01523087
w008 -180.00000000 120.00000000 0.01523087
w009 -180.00000000 135.00000000 0.01523087
w010 -180.00000000 150.00000000 0.01523087
w011 -180.00000000 165.00000000 0.01523087
w012 -165.00000000 0.00000000 0.01523087
w013 -165.00000000 15.00000000 0.01523087
w014 -165.00000000 30.00000000 0.01523087
w015 -165.00000000 45.00000000 0.01523087
w016 -165.00000000 60.00000000 0.01523087
w017 -165.00000000 75.00000000 0.01523087
w018 -165.00000000 90.00000000 0.01523087
w019 -165.00000000 105.00000000 0.01523087
w020 -165.00000000 120.00000000 0.01523087
w021 -165.00000000 135.00000000 0.01523087
w022 -165.00000000 150.00000000 0.01523087
w023 -165.00000000 165.00000000 0.01523087
w024 -150.00000000 0.00000000 0.01523087
w025 -150.00000000 15.00000000 0.01523087
w026 -150.00000000 30.00000000 0.01523087
w027 -150.00000000 45.00000000 0.01523087
w028 -150.00000000 60.00000000 0.01523087
w029 -150.00000000 75.00000000 0.01523087
w030 -150.00000000 90.00000000 0.01523087
w031 -150.00000000 105.00000000 0.01523087
w032 -150.00000000 120.00000000 0.01523087
w033 -150.00000000 135.00000000 0.01523087
w034 -150.00000000 150.00000000 0.01523087
w035 -150.00000000 165.00000000 0.01523087
w036 -135.00000000 0.00000000 0.01523087
w037 -135.00000000 15.00000000 0.01523087
w038 -135.00000000 30.00000000 0.01523087
w039 -135.00000000 45.00000000 0.01523087
w040 -135.00000000 60.00000000 0.01523087
w041 -135.00000000 75.00000000 0.01523087
w042 -135.00000000 90.00000000 0.01523087
w043 -135.00000000 105.00000000 0.01523087
w044 -135.00000000 120.00000000 0.01523087
w045 -135.00000000 135.00000000 0.01523087
w046 -135.00000000 150.00000000 0.01523087
w047 -135.00000000 165.00000000 0.01523087
w048 -120.00000000 0.00000000 0.01523087
w049 -120.00000000 15.00000000 0.01523087
w050 -120.00000000 30.00000000 0.01523087
w051 -120.00000000 45.00000000 0.01523087
w052 -120.00000000 60.00000000 0.01523087
w053 -120.00000000 75.00000000 0.01523087
w054 -120.00000000 90.00000000 0.01523087
w055 -120.00000000 105.00000000 0.01523087
w056 -120.00000000 120.00000000 0.01523087
w057 -120.00000000 135.00000000 0.01523087
w058 -120.00000000 150.00000000 0.01523087
w059 -120.00000000 165.00000000 0.01523087
w060 -105.00000000 0.00000000 0.01523087
w061 -105.00000000 15.00000000 0.01523087
w062 -105.00000000 30.00000000 0.01523087
w063 -105.00000000 45.00000000 0.01523087
w064 -105.00000000 60.00000000 0.01523087
w065 -105.00000000 75.00000000 0.01523087
w066 -105.00000000 90.00000000 0.01523087
w067 -105.00000000 105.00000000 0.01523087
w068 -105.00000000 120.00000000 0.01523087
w069 -105.00000000 135.00000000 0.01523087
w070 -105.00000000 150.00000000 0.01523087
w071 -105.00000000 165.00000000 0.01523087
w072 -90.00000000 0.00000000 0.01523087
w073 -90.00000000 15.00000000 0.01523087
w074 -90.00000000 30.00000000 0.01523087
w075 -90.00000000 45.00000000 0.01523087
w076 -90.00000000 60.00000000 0.01523087
w077 -90.00000000 75.00000000 0.01523087
w078 -90.00000000 90.00000000 0.01523087
w079 -90.00000000 105.00000000 0.01523087
w080 -90.00000000 120.00000000 0.01523087
w081 -90.00000000 135.00000000 0.01523087
w082 -90.00000000 150.00000000 0.01523087
w083 -90.00000000 165.00000000 0.01523087
w084 -75.00000000 0.00000000 0.01523087
w085 -75.00000000 15.00000000 0.01523087
w086 -75.00000000 30.00000000 0.01523087
w087 -75.00000000 45.00000000 0.01523087
w088 -75.00000000 60.00000000 0.01523087
w089 -75.00000000 75.00000000 0.01523087
w090 -75.00000000 90.00000000 0.01523087
w091 -75.00000000 105.00000000 0.01523087
w092 -75.00000000 120.00000000 0.01523087
w093 -75.00000000 135.00000000 0.01523087
w094 -75.00000000 150.00000000 0.01523087
w095 -75.00000000 165.00000000 0.01523087
w096 -60.00000000 0.00000000 0.01523087
w097 -60.00000000 15.00000000 0.01523087
w098 -60.00000000 30.00000000 0.01523087
w099 -60.00000000 45.00000000 0.01523087
w100 -60.00000000 60.00000000 0.01523087
w101 -60.00000000 75.00000000 0.01523087
w102 -60.00000000 90.00000000 0.01523087
w103 -60.00000000 105.00000000 0.01523087
w104 -60.00000000 120.00000000 0.01523087
w105 -60.00000000 135.00000000 0.01523087
w106 -60.00000000 150.00000000 0.01523087
w107 -60.00000000 165.00000000 0.01523087
w108 -45.00000000 0.00000000 0.01523087
w109 -45.00000000 15.00000000 0.01523087
w110 -45.00000000 30.00000000 0.01523087
w111 -45.00000000 45.00000000 0.01523087
w112 -45.00000000 60.00000000 0.01523087
w113 -45.00000000 75.00000000 0.01523087
w114 -45.00000000 90.00000000 0.01523087
w115 -45.00000000 105.00000000 0.01523087
w116 -45.00000000 120.00000000 0.01523087
w117 -45.00000000 135.00000000 0.01523087
w118 -45.00000000 150.00000000 0.01523087
w119 -45.00000000 165.00000000 0.01523087
w120 -30.00000000 0.00000000 0.01523087
w121 -30.00000000 15.00000000 0.01523087
w122 -30.00000000 30.00000000 0.01523087
w123 -30.00000000 45.00000000 0.01523087
w124 -30.00000000 60.00000000 0.01523087
w125 -30.00000000 75.00000000 0.01523087
w126 -30.00000000 90.00000000 0.01523087
w127 -30.00000000 105.00000000 0.01523087
w128 -30.00000000 120.00000000 0.01523087
w129 -30.00000000 135.00000000 0.01523087
w130 -30.00000000 150.00000000 0.01523087
w131 -30.00000000 165.00000000 0.01523087
w132 -15.00000000 0.00000000 0.01523087
w133 -15.00000000 15.00000000 0.01523087
w134 -15.00000000 30.00000000 0.01523087
w135 -15.00000000 45.00000000 0.01523087
w136 -15.00000000 60.00000000 0.01523087
w137 -15.00000000 75.00000000 0.01523087
w138 -15.00000000 90.00000000 0.01523087
w139 -15.00000000 105.00000000 0.01523087
w140 -15.00000000 120.00000000 0.01523087
w141 -15.00000000 135.00000000 0.01523087
w142 -15.00000000 150.00000000 0.01523087
w143 -15.00000000 165.00000000 0.01523087
