1 1.45000000 1000.00000000
2 1.90000000 1000.00000000
3 2.35000000 500.00000000
4 2.65000000 1000.00000000
5 2.80000000 1000.00000000
6 2.95000000 1000.00000000
7 3.10000000 500.00000000
8 3.25000000 500.00000000
9 3.40000000 500.00000000
10 3.55000000 500.00000000
11 3.70000000 250.00000000
12 3.85000000 250.00000000
13 4.00000000 100.00000000
14 4.20000000 100.00000000
15 4.40000000 100.00000000
16 4.60000000 100.00000000
17 5.00000000 100.00000000
18 5.20000000 100.00000000
19 5.40000000 100.00000000
