# window_id x0 y0 force_constant
w000 -3.01069 0.1309 200
w001 -3.01069 0.392699 200
w002 -3.01069 0.654498 200
w003 -3.01069 0.916298 200
w004 -3.01069 1.1781 200
w005 -3.01069 1.4399 200
w006 -3.01069 1.7017 200
w007 -3.01069 1.9635 200
w008 -3.01069 2.22529 200
w009 -3.01069 2.48709 200
w010 -3.01069 2.74889 200
w011 -3.01069 3.01069 200
w012 -2.74889 0.1309 200
w013 -2.74889 0.392699 200
w014 -2.74889 0.654498 200
w015 -2.74889 0.916298 200
w016 -2.74889 1.1781 200
w017 -2.74889 1.4399 200
w018 -2.74889 1.7017 200
w019 -2.74889 1.9635 200
w020 -2.74889 2.22529 200
w021 -2.74889 2.48709 200
w022 -2.74889 2.74889 200
w023 -2.74889 3.01069 200
w024 -2.48709 0.1309 200
w025 -2.48709 0.392699 200
w026 -2.48709 0.654498 200
w027 -2.48709 0.916298 200
w028 -2.48709 1.1781 200
w029 -2.48709 1.4399 200
w030 -2.48709 1.7017 200
w031 -2.48709 1.9635 200
w032 -2.48709 2.22529 200
w033 -2.48709 2.48709 200
w034 -2.48709 2.74889 200
w035 -2.48709 3.01069 200
w036 -2.22529 0.1309 200
w037 -2.22529 0.392699 200
w038 -2.22529 0.654498 200
w039 -2.22529 0.916298 200
w040 -2.22529 1.1781 200
w041 -2.22529 1.4399 200
w042 -2.22529 1.7017 200
w043 -2.22529 1.9635 200
w044 -2.22529 2.22529 200
w045 -2.22529 2.48709 200
w046 -2.22529 2.74889 200
w047 -2.22529 3.01069 200
w048 -1.9635 0.1309 200
w049 -1.9635 0.392699 200
w050 -1.9635 0.654498 200
w051 -1.9635 0.916298 200
w052 -1.9635 1.1781 200
w053 -1.9635 1.4399 200
w054 -1.9635 1.7017 200
w055 -1.9635 1.9635 200
w056 -1.9635 2.22529 200
w057 -1.9635 2.48709 200
w058 -1.9635 2.74889 200
w059 -1.9635 3.01069 200
w060 -1.7017 0.1309 200
w061 -1.7017 0.392699 200
w062 -1.7017 0.654498 200
w063 -1.7017 0.916298 200
w064 -1.7017 1.1781 200
w065 -1.7017 1.4399 200
w066 -1.7017 1.7017 200
w067 -1.7017 1.9635 200
w068 -1.7017 2.22529 200
w069 -1.7017 2.48709 200
w070 -1.7017 2.74889 200
w071 -1.7017 3.01069 200
w072 -1.4399 0.1309 200
w073 -1.4399 0.392699 200
w074 -1.4399 0.654498 200
w075 -1.4399 0.916298 200
w076 -1.4399 1.1781 200
w077 -1.4399 1.4399 200
w078 -1.4399 1.7017 200
w079 -1.4399 1.9635 200
w080 -1.4399 2.22529 200
w081 -1.4399 2.48709 200
w082 -1.4399 2.74889 200
w083 -1.4399 3.01069 200
w084 -1.1781 0.1309 200
w085 -1.1781 0.392699 200
w086 -1.1781 0.654498 200
w087 -1.1781 0.916298 200
w088 -1.1781 1.1781 200
w089 -1.1781 1.4399 200
w090 -1.1781 1.7017 200
w091 -1.1781 1.9635 200
w092 -1.1781 2.22529 200
w093 -1.1781 2.48709 200
w094 -1.1781 2.74889 200
w095 -1.1781 3.01069 200
w096 -0.916298 0.1309 200
w097 -0.916298 0.392699 200
w098 -0.916298 0.654498 200
w099 -0.916298 0.916298 200
w100 -0.916298 1.1781 200
w101 -0.916298 1.4399 200
w102 -0.916298 1.7017 200
w103 -0.916298 1.9635 200
w104 -0.916298 2.22529 200
w105 -0.916298 2.48709 200
w106 -0.916298 2.74889 200
w107 -0.916298 3.01069 200
w108 -0.654498 0.1309 200
w109 -0.654498 0.392699 200
w110 -0.654498 0.654498 200
w111 -0.654498 0.916298 200
w112 -0.654498 1.1781 200
w113 -0.654498 1.4399 200
w114 -0.654498 1.7017 200
w115 -0.654498 1.9635 200
w116 -0.654498 2.22529 200
w117 -0.654498 2.48709 200
w118 -0.654498 2.74889 200
w119 -0.654498 3.01069 200
w120 -0.392699 0.1309 200
w121 -0.392699 0.392699 200
w122 -0.392699 0.654498 200
w123 -0.392699 0.916298 200
w124 -0.392699 1.1781 200
w125 -0.392699 1.4399 200
w126 -0.392699 1.7017 200
w127 -0.392699 1.9635 200
w128 -0.392699 2.22529 200
w129 -0.392699 2.48709 200
w130 -0.392699 2.74889 200
w131 -0.392699 3.01069 200
w132 -0.1309 0.1309 200
w133 -0.1309 0.392699 200
w134 -0.1309 0.654498 200
w135 -0.1309 0.916298 200
w136 -0.1309 1.1781 200
w137 -0.1309 1.4399 200
w138 -0.1309 1.7017 200
w139 -0.1309 1.9635 200
w140 -0.1309 2.22529 200
w141 -0.1309 2.48709 200
w142 -0.1309 2.74889 200
w143 -0.1309 3.01069 200
