   -3.82968e+00   -4.72740e+00   -5.49033e+00   -6.45000e+00   -7.32288e+00   -7.84641e+00   -8.63983e+00   -9.22235e+00   -9.63402e+00   -1.02291e+01   -1.06913e+01   -1.09228e+01   -1.11571e+01   -1.11979e+01   -1.12048e+01   -1.12954e+01   -1.12364e+01   -1.11558e+01   -1.10137e+01   -1.06327e+01   -1.03484e+01   -1.00611e+01   -9.66225e+00   -9.32626e+00   -8.85589e+00   -8.25913e+00   -7.77450e+00   -6.99956e+00   -6.21878e+00   -5.52847e+00   -4.71153e+00   -4.03603e+00   -3.34042e+00   -2.52988e+00   -1.82863e+00   -1.10347e+00   -3.87430e-01    1.60371e-01    6.02816e-01    1.13913e+00    1.67861e+00    2.15343e+00    2.66476e+00    3.26752e+00    3.79841e+00    4.32640e+00    4.80232e+00    5.27478e+00    5.86512e+00    6.52113e+00    6.96112e+00    7.16276e+00    7.16104e+00    7.21982e+00    7.27086e+00    7.36544e+00    7.52413e+00    7.59268e+00    7.68602e+00    7.77199e+00    7.88853e+00    7.92706e+00    8.04256e+00    8.18268e+00    8.22704e+00    8.28960e+00    8.33651e+00    8.43200e+00    8.51632e+00    8.53934e+00    8.56910e+00    8.60580e+00    8.67579e+00    8.72698e+00    8.72930e+00    8.67783e+00    8.66468e+00    8.62391e+00    8.62223e+00    8.62389e+00
   -3.83052e+00   -4.72269e+00   -5.47001e+00   -6.44437e+00   -7.32467e+00   -7.84799e+00   -8.64256e+00   -9.22431e+00   -9.62185e+00   -1.02163e+01   -1.06692e+01   -1.09251e+01   -1.11458e+01   -1.11916e+01   -1.12099e+01   -1.13041e+01   -1.12266e+01   -1.11536e+01   -1.10180e+01   -1.06250e+01   -1.03423e+01   -1.00445e+01   -9.64543e+00   -9.30751e+00   -8.81794e+00   -8.26439e+00   -7.77739e+00   -7.02166e+00   -6.19937e+00   -5.51699e+00   -4.71518e+00   -4.03969e+00   -3.34408e+00   -2.53354e+00   -1.83229e+00   -1.10712e+00   -3.91089e-01    1.56713e-01    5.99157e-01    1.13547e+00    1.67495e+00    2.14978e+00    2.66110e+00    3.26387e+00    3.79476e+00    4.32274e+00    4.79866e+00    5.27112e+00    5.86146e+00    6.51747e+00    6.95746e+00    7.15910e+00    7.15738e+00    7.21616e+00    7.26720e+00    7.36178e+00    7.52047e+00    7.58902e+00    7.68236e+00    7.76833e+00    7.88487e+00    7.92340e+00    8.03890e+00    8.17902e+00    8.22338e+00    8.28595e+00    8.33285e+00    8.42834e+00    8.51267e+00    8.53568e+00    8.56544e+00    8.60214e+00    8.67213e+00    8.72333e+00    8.72565e+00    8.67417e+00    8.66102e+00    8.62025e+00    8.61857e+00    8.62023e+00
   -3.83073e+00   -4.71612e+00   -5.47276e+00   -6.42467e+00   -7.29742e+00   -7.84543e+00   -8.63798e+00   -9.22348e+00   -9.63110e+00   -1.02345e+01   -1.06782e+01   -1.09396e+01   -1.11565e+01   -1.11951e+01   -1.12225e+01   -1.12930e+01   -1.12309e+01   -1.11522e+01   -1.09770e+01   -1.06117e+01   -1.03272e+01   -1.00562e+01   -9.65264e+00   -9.31432e+00   -8.82018e+00   -8.24639e+00   -7.78249e+00   -7.02598e+00   -6.21459e+00   -5.53037e+00   -4.71539e+00   -4.03989e+00   -3.34429e+00   -2.53374e+00   -1.83250e+00   -1.10733e+00   -3.91297e-01    1.56505e-01    5.98949e-01    1.13526e+00    1.67475e+00    2.14957e+00    2.66089e+00    3.26366e+00    3.79455e+00    4.32253e+00    4.79845e+00    5.27091e+00    5.86125e+00    6.51727e+00    6.95725e+00    7.15889e+00    7.15717e+00    7.21595e+00    7.26699e+00    7.36157e+00    7.52026e+00    7.58881e+00    7.68216e+00    7.76812e+00    7.88466e+00    7.92319e+00    8.03869e+00    8.17881e+00    8.22317e+00    8.28574e+00    8.33264e+00    8.42813e+00    8.51246e+00    8.53547e+00    8.56523e+00    8.60193e+00    8.67192e+00    8.72312e+00    8.72544e+00    8.67396e+00    8.66081e+00    8.62004e+00    8.61836e+00    8.62003e+00
   -3.81527e+00   -4.71771e+00   -5.46156e+00   -6.42428e+00   -7.30278e+00   -7.85115e+00   -8.63188e+00   -9.22913e+00   -9.63950e+00   -1.02343e+01   -1.07094e+01   -1.09558e+01   -1.11654e+01   -1.11987e+01   -1.12015e+01   -1.12972e+01   -1.12203e+01   -1.11416e+01   -1.09833e+01   -1.06131e+01   -1.03076e+01   -1.00337e+01   -9.62846e+00   -9.29430e+00   -8.82299e+00   -8.25176e+00   -7.77897e+00   -7.02333e+00   -6.20359e+00   -5.53255e+00   -4.71494e+00   -4.03387e+00   -3.34588e+00   -2.53534e+00   -1.83409e+00   -1.10893e+00   -3.92892e-01    1.54910e-01    5.97354e-01    1.13367e+00    1.67315e+00    2.14797e+00    2.65930e+00    3.26206e+00    3.79295e+00    4.32094e+00    4.79686e+00    5.26932e+00    5.85966e+00    6.51567e+00    6.95566e+00    7.15730e+00    7.15558e+00    7.21436e+00    7.26540e+00    7.35998e+00    7.51867e+00    7.58722e+00    7.68056e+00    7.76653e+00    7.88307e+00    7.92160e+00    8.03710e+00    8.17722e+00    8.22157e+00    8.28414e+00    8.33105e+00    8.42654e+00    8.51086e+00    8.53387e+00    8.56364e+00    8.60033e+00    8.67033e+00    8.72152e+00    8.72384e+00    8.67237e+00    8.65922e+00    8.61845e+00    8.61676e+00    8.61843e+00
   -3.81545e+00   -4.69276e+00   -5.46260e+00   -6.42215e+00   -7.29757e+00   -7.84118e+00   -8.62842e+00   -9.21346e+00   -9.62890e+00   -1.02375e+01   -1.07011e+01   -1.09575e+01   -1.11621e+01   -1.11955e+01   -1.12131e+01   -1.12954e+01   -1.12158e+01   -1.11539e+01   -1.09997e+01   -1.06155e+01   -1.03291e+01   -1.00409e+01   -9.63828e+00   -9.30478e+00   -8.82180e+00   -8.22972e+00   -7.76584e+00   -7.01585e+00   -6.20797e+00   -5.53274e+00   -4.73641e+00   -4.03792e+00   -3.34607e+00   -2.53553e+00   -1.83428e+00   -1.10912e+00   -3.93080e-01    1.54722e-01    5.97166e-01    1.13348e+00    1.67296e+00    2.14778e+00    2.65911e+00    3.26187e+00    3.79276e+00    4.32075e+00    4.79667e+00    5.26913e+00    5.85947e+00    6.51548e+00    6.95547e+00    7.15711e+00    7.15539e+00    7.21417e+00    7.26521e+00    7.35979e+00    7.51848e+00    7.58703e+00    7.68037e+00    7.76634e+00    7.88288e+00    7.92141e+00    8.03691e+00    8.17703e+00    8.22139e+00    8.28395e+00    8.33086e+00    8.42635e+00    8.51067e+00    8.53369e+00    8.56345e+00    8.60015e+00    8.67014e+00    8.72133e+00    8.72365e+00    8.67218e+00    8.65903e+00    8.61826e+00    8.61658e+00    8.61824e+00
   -3.81579e+00   -4.70768e+00   -5.45375e+00   -6.41896e+00   -7.29599e+00   -7.84274e+00   -8.62498e+00   -9.22553e+00   -9.63921e+00   -1.02278e+01   -1.07023e+01   -1.09439e+01   -1.11651e+01   -1.11900e+01   -1.11981e+01   -1.12900e+01   -1.12273e+01   -1.11424e+01   -1.09824e+01   -1.06327e+01   -1.03383e+01   -1.00497e+01   -9.63418e+00   -9.28831e+00   -8.82084e+00   -8.24733e+00   -7.76942e+00   -7.00981e+00   -6.21774e+00   -5.53308e+00   -4.71665e+00   -4.04265e+00   -3.34641e+00   -2.53586e+00   -1.83461e+00   -1.10945e+00   -3.93417e-01    1.54385e-01    5.96830e-01    1.13314e+00    1.67263e+00    2.14745e+00    2.65877e+00    3.26154e+00    3.79243e+00    4.32041e+00    4.79633e+00    5.26879e+00    5.85913e+00    6.51515e+00    6.95513e+00    7.15677e+00    7.15505e+00    7.21383e+00    7.26487e+00    7.35945e+00    7.51814e+00    7.58669e+00    7.68004e+00    7.76600e+00    7.88254e+00    7.92108e+00    8.03657e+00    8.17669e+00    8.22105e+00    8.28362e+00    8.33052e+00    8.42602e+00    8.51034e+00    8.53335e+00    8.56311e+00    8.59981e+00    8.66980e+00    8.72100e+00    8.72332e+00    8.67184e+00    8.65869e+00    8.61792e+00    8.61624e+00    8.61791e+00
   -3.80775e+00   -4.70293e+00   -5.45347e+00   -6.41604e+00   -7.31590e+00   -7.83886e+00   -8.61699e+00   -9.20167e+00   -9.62048e+00   -1.02110e+01   -1.06819e+01   -1.09365e+01   -1.11658e+01   -1.11924e+01   -1.12068e+01   -1.13034e+01   -1.12199e+01   -1.11507e+01   -1.10089e+01   -1.06281e+01   -1.03359e+01   -1.00642e+01   -9.65646e+00   -9.31025e+00   -8.83222e+00   -8.26807e+00   -7.77510e+00   -7.00282e+00   -6.20548e+00   -5.52595e+00   -4.71525e+00   -4.03699e+00   -3.34613e+00   -2.53558e+00   -1.83433e+00   -1.10917e+00   -3.93136e-01    1.54666e-01    5.97110e-01    1.13342e+00    1.67291e+00    2.14773e+00    2.65905e+00    3.26182e+00    3.79271e+00    4.32069e+00    4.79662e+00    5.26907e+00    5.85941e+00    6.51543e+00    6.95541e+00    7.15705e+00    7.15533e+00    7.21411e+00    7.26515e+00    7.35973e+00    7.51842e+00    7.58697e+00    7.68032e+00    7.76629e+00    7.88282e+00    7.92136e+00    8.03685e+00    8.17697e+00    8.22133e+00    8.28390e+00    8.33080e+00    8.42630e+00    8.51062e+00    8.53363e+00    8.56340e+00    8.60009e+00    8.67008e+00    8.72128e+00    8.72360e+00    8.67212e+00    8.65897e+00    8.61820e+00    8.61652e+00    8.61819e+00
   -3.80891e+00   -4.70699e+00   -5.45463e+00   -6.41720e+00   -7.29193e+00   -7.82108e+00   -8.63164e+00   -9.22074e+00   -9.62713e+00   -1.02356e+01   -1.06987e+01   -1.09337e+01   -1.11594e+01   -1.11946e+01   -1.12286e+01   -1.13015e+01   -1.12265e+01   -1.11383e+01   -1.09943e+01   -1.06159e+01   -1.03258e+01   -1.00491e+01   -9.63792e+00   -9.28715e+00   -8.80802e+00   -8.25313e+00   -7.77028e+00   -7.01044e+00   -6.20704e+00   -5.53683e+00   -4.71641e+00   -4.03815e+00   -3.34729e+00   -2.54146e+00   -1.83549e+00   -1.11033e+00   -3.94294e-01    1.53508e-01    5.95952e-01    1.13227e+00    1.67175e+00    2.14657e+00    2.65789e+00    3.26066e+00    3.79155e+00    4.31953e+00    4.79546e+00    5.26792e+00    5.85826e+00    6.51427e+00    6.95426e+00    7.15589e+00    7.15417e+00    7.21296e+00    7.26400e+00    7.35857e+00    7.51727e+00    7.58581e+00    7.67916e+00    7.76513e+00    7.88167e+00    7.92020e+00    8.03569e+00    8.17581e+00    8.22017e+00    8.28274e+00    8.32964e+00    8.42514e+00    8.50946e+00    8.53247e+00    8.56224e+00    8.59893e+00    8.66892e+00    8.72012e+00    8.72244e+00    8.67096e+00    8.65782e+00    8.61704e+00    8.61536e+00    8.61703e+00
   -3.81094e+00   -4.69635e+00   -5.47311e+00   -6.42728e+00   -7.30218e+00   -7.83955e+00   -8.63421e+00   -9.22063e+00   -9.61816e+00   -1.02351e+01   -1.06826e+01   -1.09343e+01   -1.11700e+01   -1.12079e+01   -1.12149e+01   -1.12969e+01   -1.12304e+01   -1.11560e+01   -1.09999e+01   -1.06150e+01   -1.03176e+01   -1.00315e+01   -9.62005e+00   -9.27157e+00   -8.80391e+00   -8.22890e+00   -7.74001e+00   -7.00501e+00   -6.19973e+00   -5.53383e+00   -4.71844e+00   -4.02426e+00   -3.33943e+00   -2.54349e+00   -1.83752e+00   -1.11236e+00   -3.96325e-01    1.51477e-01    5.93921e-01    1.13024e+00    1.66972e+00    2.14454e+00    2.65586e+00    3.25863e+00    3.78952e+00    4.31750e+00    4.79343e+00    5.26589e+00    5.85623e+00    6.51224e+00    6.95222e+00    7.15386e+00    7.15214e+00    7.21092e+00    7.26196e+00    7.35654e+00    7.51523e+00    7.58378e+00    7.67713e+00    7.76310e+00    7.87964e+00    7.91817e+00    8.03366e+00    8.17378e+00    8.21814e+00    8.28071e+00    8.32761e+00    8.42311e+00    8.50743e+00    8.53044e+00    8.56021e+00    8.59690e+00    8.66689e+00    8.71809e+00    8.72041e+00    8.66893e+00    8.65579e+00    8.61501e+00    8.61333e+00    8.61500e+00
   -3.83094e+00   -4.71442e+00   -5.47685e+00   -6.42887e+00   -7.31653e+00   -7.84509e+00   -8.64773e+00   -9.23506e+00   -9.62556e+00   -1.02368e+01   -1.06984e+01   -1.09394e+01   -1.11714e+01   -1.11945e+01   -1.12233e+01   -1.12862e+01   -1.12278e+01   -1.11460e+01   -1.09857e+01   -1.06120e+01   -1.03254e+01   -1.00447e+01   -9.63399e+00   -9.30094e+00   -8.82599e+00   -8.26551e+00   -7.76462e+00   -6.99843e+00   -6.19816e+00   -5.52958e+00   -4.71511e+00   -4.01955e+00   -3.33517e+00   -2.53924e+00   -1.83327e+00   -1.10811e+00   -3.92070e-01    1.55732e-01    5.98176e-01    1.13449e+00    1.67397e+00    2.14879e+00    2.66012e+00    3.26288e+00    3.79377e+00    4.32176e+00    4.79768e+00    5.27014e+00    5.86048e+00    6.51649e+00    6.95648e+00    7.15812e+00    7.15640e+00    7.21518e+00    7.26622e+00    7.36080e+00    7.51949e+00    7.58804e+00    7.68138e+00    7.76735e+00    7.88389e+00    7.92242e+00    8.03792e+00    8.17804e+00    8.22240e+00    8.28496e+00    8.33187e+00    8.42736e+00    8.51169e+00    8.53470e+00    8.56446e+00    8.60116e+00    8.67115e+00    8.72234e+00    8.72467e+00    8.67319e+00    8.66004e+00    8.61927e+00    8.61759e+00    8.61925e+00
