    5.15940e+03    3.76350e+02    5.02400e+01    1.09247e+01    4.85902e+00    3.02632e+00    4.01758e+00    1.34082e+01    4.23977e+01    2.29829e+02    2.08785e+03    1.01131e+04    8.89291e+04    5.40441e+05    2.55008e+06    6.69309e+06    3.23050e+07    3.91768e+07    1.41031e+08    2.29359e+08    3.27810e+08    4.41050e+08    5.41569e+08    6.29484e+08    1.02140e+09
    5.16839e+03    3.75338e+02    5.00049e+01    1.10296e+01    4.86777e+00    3.01091e+00    4.00742e+00    1.35108e+01    4.31439e+01    2.27324e+02    2.09032e+03    1.00410e+04    8.81928e+04    5.35965e+05    2.52896e+06    6.63765e+06    3.20374e+07    3.88524e+07    1.39863e+08    2.27459e+08    3.25094e+08    4.37397e+08    5.37083e+08    6.24270e+08    1.01294e+09
    5.18520e+03    3.82137e+02    5.00526e+01    1.08877e+01    4.82172e+00    3.01119e+00    4.06948e+00    1.35192e+01    4.30532e+01    2.26804e+02    2.07314e+03    1.00289e+04    8.81730e+04    5.35846e+05    2.52840e+06    6.63618e+06    3.20303e+07    3.88437e+07    1.39832e+08    2.27409e+08    3.25022e+08    4.37300e+08    5.36964e+08    6.24131e+08    1.01272e+09
    5.21352e+03    3.80988e+02    4.99227e+01    1.07259e+01    4.77958e+00    3.02635e+00    4.08121e+00    1.37696e+01    4.33937e+01    2.27162e+02    2.07526e+03    1.00294e+04    8.79704e+04    5.34562e+05    2.52234e+06    6.62027e+06    3.19535e+07    3.87506e+07    1.39497e+08    2.26864e+08    3.24243e+08    4.36252e+08    5.35676e+08    6.22635e+08    1.01029e+09
    5.28498e+03    3.83878e+02    5.05464e+01    1.07914e+01    4.79992e+00    3.02818e+00    4.05435e+00    1.36451e+01    4.34458e+01    2.30246e+02    2.06614e+03    1.00125e+04    8.81910e+04    5.35947e+05    2.52888e+06    6.63743e+06    3.20363e+07    3.88511e+07    1.39858e+08    2.27452e+08    3.25084e+08    4.37383e+08    5.37065e+08    6.24249e+08    1.01291e+09
    5.24484e+03    3.83474e+02    5.01565e+01    1.07924e+01    4.80456e+00    3.03226e+00    4.05694e+00    1.35130e+01    4.35050e+01    2.28874e+02    2.06751e+03    9.99702e+03    8.78961e+04    5.34167e+05    2.52047e+06    6.61538e+06    3.19299e+07    3.87220e+07    1.39394e+08    2.26696e+08    3.24004e+08    4.35930e+08    5.35281e+08    6.22175e+08    1.00954e+09
    5.28240e+03    3.81846e+02    5.10407e+01    1.10081e+01    4.82037e+00    3.02183e+00    4.03008e+00    1.34276e+01    4.28573e+01    2.28895e+02    2.08550e+03    1.00467e+04    8.81491e+04    5.35666e+05    2.52755e+06    6.63395e+06    3.20196e+07    3.88307e+07    1.39785e+08    2.27333e+08    3.24913e+08    4.37153e+08    5.36783e+08    6.23922e+08    1.01238e+09
    5.26723e+03    3.86408e+02    5.04128e+01    1.08262e+01    4.82110e+00    3.00794e+00    4.06662e+00    1.36092e+01    4.37648e+01    2.29275e+02    2.07338e+03    1.00164e+04    8.79391e+04    5.34764e+05    2.52331e+06    6.62282e+06    3.19658e+07    3.87655e+07    1.39550e+08    2.26951e+08    3.24368e+08    4.36420e+08    5.35882e+08    6.22875e+08    1.01068e+09
    5.26597e+03    3.81955e+02    5.03395e+01    1.09026e+01    4.78965e+00    3.00852e+00    4.04316e+00    1.37855e+01    4.43435e+01    2.33599e+02    2.08081e+03    1.00709e+04    8.78401e+04    5.33746e+05    2.51850e+06    6.61020e+06    3.19049e+07    3.86916e+07    1.39284e+08    2.26519e+08    3.23750e+08    4.35588e+08    5.34861e+08    6.21688e+08    1.00875e+09
    5.18756e+03    3.78676e+02    4.97250e+01    1.08125e+01    4.79301e+00    3.02171e+00    4.07330e+00    1.36437e+01    4.32182e+01    2.30327e+02    2.08782e+03    1.01112e+04    8.81969e+04    5.35912e+05    2.52872e+06    6.63702e+06    3.20344e+07    3.88487e+07    1.39850e+08    2.27438e+08    3.25064e+08    4.37356e+08    5.37032e+08    6.24211e+08    1.01285e+09
