    5.71949e-05    1.40357e-04    3.01001e-04    7.85867e-04    1.88121e-03    3.17543e-03    7.02067e-03    1.25709e-02    1.89736e-02    3.44029e-02    5.46152e-02    6.88450e-02    8.70175e-02    9.06425e-02    9.12712e-02    9.99290e-02    9.42041e-02    8.69102e-02    7.53979e-02    5.15100e-02    3.87613e-02    2.90828e-02    1.95170e-02    1.39474e-02    8.71389e-03    4.79781e-03    2.95509e-03    1.36150e-03    6.23638e-04    3.12705e-04    1.38146e-04    7.03031e-05    3.50652e-05    1.55906e-05    7.73237e-06    3.74437e-06    1.82982e-06    1.05804e-06    6.79751e-07    3.97587e-07    2.31813e-07    1.44187e-07    8.64690e-08    4.73241e-08    2.78304e-08    1.64142e-08    1.01983e-08    6.35831e-09    3.52339e-09    1.82834e-09    1.17754e-09    9.62506e-10    9.64164e-10    9.09121e-10    8.63884e-10    7.85924e-10    6.70597e-10    6.26170e-10    5.70364e-10    5.23380e-10    4.65805e-10    4.48199e-10    3.99311e-10    3.47103e-10    3.32042e-10    3.11903e-10    2.97612e-10    2.70507e-10    2.48632e-10    2.42976e-10    2.35850e-10    2.27353e-10    2.11984e-10    2.01404e-10    2.00937e-10    2.11552e-10    2.14352e-10    2.23272e-10    2.23648e-10    2.23275e-10
    5.75103e-05    1.40349e-04    2.96323e-04    7.85104e-04    1.89337e-03    3.19532e-03    7.07273e-03    1.26543e-02    1.88317e-02    3.41224e-02    5.36706e-02    6.93252e-02    8.64408e-02    9.04927e-02    9.21676e-02    1.01266e-01    9.37154e-02    8.71168e-02    7.60748e-02    5.13519e-02    3.87057e-02    2.87379e-02    1.92810e-02    1.37523e-02    8.42858e-03    4.84566e-03    2.97749e-03    1.39843e-03    6.14502e-04    3.10580e-04    1.39300e-04    7.08902e-05    3.53581e-05    1.57208e-05    7.79695e-06    3.77564e-06    1.84510e-06    1.06687e-06    6.85429e-07    4.00907e-07    2.33749e-07    1.45391e-07    8.71912e-08    4.77193e-08    2.80628e-08    1.65513e-08    1.02835e-08    6.41142e-09    3.55282e-09    1.84361e-09    1.18737e-09    9.70545e-10    9.72217e-10    9.16714e-10    8.71099e-10    7.92488e-10    6.76198e-10    6.31399e-10    5.75128e-10    5.27751e-10    4.69696e-10    4.51942e-10    4.02646e-10    3.50002e-10    3.34815e-10    3.14509e-10    3.00098e-10    2.72766e-10    2.50708e-10    2.45005e-10    2.37820e-10    2.29251e-10    2.13754e-10    2.03086e-10    2.02616e-10    2.13319e-10    2.16142e-10    2.25137e-10    2.25516e-10    2.25140e-10
    5.75231e-05    1.39432e-04    2.97144e-04    7.69801e-04    1.84250e-03    3.18716e-03    7.04056e-03    1.26441e-02    1.90069e-02    3.47509e-02    5.41602e-02    7.03369e-02    8.73719e-02    9.08090e-02    9.33328e-02    1.00158e-01    9.41230e-02    8.69958e-02    7.30145e-02    5.06727e-02    3.81276e-02    2.90743e-02    1.94208e-02    1.38465e-02    8.44760e-03    4.75928e-03    2.99276e-03    1.40451e-03    6.23934e-04    3.14765e-04    1.39331e-04    7.09060e-05    3.53660e-05    1.57243e-05    7.79868e-06    3.77648e-06    1.84551e-06    1.06711e-06    6.85581e-07    4.00996e-07    2.33801e-07    1.45423e-07    8.72105e-08    4.77299e-08    2.80690e-08    1.65549e-08    1.02858e-08    6.41284e-09    3.55360e-09    1.84402e-09    1.18763e-09    9.70760e-10    9.72433e-10    9.16918e-10    8.71292e-10    7.92664e-10    6.76348e-10    6.31539e-10    5.75255e-10    5.27868e-10    4.69800e-10    4.52042e-10    4.02735e-10    3.50079e-10    3.34890e-10    3.14578e-10    3.00164e-10    2.72826e-10    2.50764e-10    2.45060e-10    2.37873e-10    2.29302e-10    2.13802e-10    2.03131e-10    2.02661e-10    2.13366e-10    2.16190e-10    2.25186e-10    2.25566e-10    2.25190e-10
    5.66862e-05    1.39767e-04    2.94072e-04    7.70121e-04    1.85389e-03    3.20804e-03    7.00336e-03    1.27259e-02    1.91828e-02    3.47720e-02    5.59171e-02    7.15472e-02    8.82278e-02    9.12096e-02    9.14712e-02    1.00652e-01    9.32039e-02    8.61519e-02    7.35406e-02    5.07864e-02    3.74146e-02    2.84515e-02    1.89721e-02    1.35829e-02    8.47825e-03    4.78875e-03    2.98464e-03    1.40192e-03    6.17607e-04    3.15707e-04    1.39381e-04    7.05369e-05    3.54509e-05    1.57620e-05    7.81743e-06    3.78555e-06    1.84995e-06    1.06968e-06    6.87228e-07    4.01960e-07    2.34363e-07    1.45773e-07    8.74201e-08    4.78446e-08    2.81365e-08    1.65947e-08    1.03105e-08    6.42825e-09    3.56214e-09    1.84845e-09    1.19049e-09    9.73093e-10    9.74770e-10    9.19121e-10    8.73386e-10    7.94569e-10    6.77974e-10    6.33057e-10    5.76638e-10    5.29137e-10    4.70929e-10    4.53129e-10    4.03703e-10    3.50921e-10    3.35695e-10    3.15334e-10    3.00886e-10    2.73482e-10    2.51367e-10    2.45649e-10    2.38445e-10    2.29853e-10    2.14315e-10    2.03620e-10    2.03148e-10    2.13879e-10    2.16709e-10    2.25728e-10    2.26108e-10    2.25731e-10
    5.65397e-05    1.35945e-04    2.93561e-04    7.66353e-04    1.83915e-03    3.16742e-03    6.95980e-03    1.24933e-02    1.89277e-02    3.47852e-02    5.53030e-02    7.14657e-02    8.76952e-02    9.06746e-02    9.22823e-02    1.00193e-01    9.25268e-02    8.69739e-02    7.45462e-02    5.07648e-02    3.81240e-02    2.85771e-02    1.91062e-02    1.36879e-02    8.44464e-03    4.67139e-03    2.93755e-03    1.38761e-03    6.18598e-04    3.14891e-04    1.42010e-04    7.06267e-05    3.53593e-05    1.57213e-05    7.79721e-06    3.77577e-06    1.84516e-06    1.06691e-06    6.85452e-07    4.00921e-07    2.33757e-07    1.45396e-07    8.71941e-08    4.77209e-08    2.80638e-08    1.65518e-08    1.02838e-08    6.41163e-09    3.55293e-09    1.84368e-09    1.18741e-09    9.70577e-10    9.72249e-10    9.16745e-10    8.71128e-10    7.92514e-10    6.76221e-10    6.31420e-10    5.75147e-10    5.27769e-10    4.69712e-10    4.51957e-10    4.02660e-10    3.50013e-10    3.34827e-10    3.14519e-10    3.00108e-10    2.72775e-10    2.50717e-10    2.45013e-10    2.37828e-10    2.29259e-10    2.13761e-10    2.03093e-10    2.02622e-10    2.13326e-10    2.16149e-10    2.25144e-10    2.25523e-10    2.25148e-10
    5.67281e-05    1.38402e-04    2.91847e-04    7.66198e-04    1.84175e-03    3.18185e-03    6.95671e-03    1.26829e-02    1.91812e-02    3.45523e-02    5.55349e-02    7.07159e-02    8.82181e-02    9.04398e-02    9.11813e-02    9.99600e-02    9.38818e-02    8.62432e-02    7.34855e-02    5.18006e-02    3.85901e-02    2.89177e-02    1.90851e-02    1.35047e-02    8.46182e-03    4.76863e-03    2.95691e-03    1.38339e-03    6.26543e-04    3.15941e-04    1.39648e-04    7.11740e-05    3.54772e-05    1.57737e-05    7.82321e-06    3.78835e-06    1.85132e-06    1.07047e-06    6.87736e-07    4.02257e-07    2.34536e-07    1.45880e-07    8.74847e-08    4.78800e-08    2.81573e-08    1.66070e-08    1.03181e-08    6.43300e-09    3.56478e-09    1.84982e-09    1.19137e-09    9.73813e-10    9.75490e-10    9.19801e-10    8.74032e-10    7.95156e-10    6.78475e-10    6.33525e-10    5.77064e-10    5.29528e-10    4.71277e-10    4.53464e-10    4.04002e-10    3.51180e-10    3.35943e-10    3.15567e-10    3.01108e-10    2.73684e-10    2.51552e-10    2.45830e-10    2.38621e-10    2.30023e-10    2.14474e-10    2.03770e-10    2.03298e-10    2.14037e-10    2.16870e-10    2.25895e-10    2.26275e-10    2.25898e-10
    5.61322e-05    1.37399e-04    2.91030e-04    7.62036e-04    1.87405e-03    3.16154e-03    6.88392e-03    1.23527e-02    1.87780e-02    3.38937e-02    5.42762e-02    7.00151e-02    8.80594e-02    9.04307e-02    9.17396e-02    1.01052e-01    9.29582e-02    8.67372e-02    7.52689e-02    5.14341e-02    3.84014e-02    2.92639e-02    1.94658e-02    1.37695e-02    8.53714e-03    4.85628e-03    2.96626e-03    1.37029e-03    6.17354e-04    3.12907e-04    1.39102e-04    7.05940e-05    3.53778e-05    1.57295e-05    7.80130e-06    3.77775e-06    1.84613e-06    1.06747e-06    6.85811e-07    4.01131e-07    2.33879e-07    1.45472e-07    8.72398e-08    4.77459e-08    2.80785e-08    1.65605e-08    1.02892e-08    6.41499e-09    3.55480e-09    1.84464e-09    1.18803e-09    9.71086e-10    9.72759e-10    9.17226e-10    8.71585e-10    7.92930e-10    6.76575e-10    6.31751e-10    5.75449e-10    5.28046e-10    4.69958e-10    4.52194e-10    4.02871e-10    3.50197e-10    3.35002e-10    3.14684e-10    3.00265e-10    2.72918e-10    2.50848e-10    2.45142e-10    2.37953e-10    2.29379e-10    2.13873e-10    2.03200e-10    2.02729e-10    2.13438e-10    2.16263e-10    2.25262e-10    2.25642e-10    2.25266e-10
    5.62266e-05    1.38030e-04    2.91519e-04    7.63318e-04    1.83062e-03    3.10747e-03    6.98920e-03    1.25970e-02    1.89131e-02    3.47537e-02    5.52235e-02    6.98567e-02    8.75463e-02    9.06832e-02    9.38156e-02    1.00910e-01    9.36191e-02    8.57152e-02    7.42193e-02    5.08389e-02    3.80368e-02    2.88428e-02    1.91183e-02    1.34620e-02    8.33733e-03    4.78676e-03    2.95355e-03    1.38150e-03    6.18636e-04    3.16495e-04    1.39336e-04    7.07127e-05    3.54373e-05    1.58305e-05    7.81442e-06    3.78410e-06    1.84924e-06    1.06926e-06    6.86964e-07    4.01805e-07    2.34273e-07    1.45717e-07    8.73865e-08    4.78262e-08    2.81257e-08    1.65884e-08    1.03065e-08    6.42578e-09    3.56077e-09    1.84774e-09    1.19003e-09    9.72719e-10    9.74395e-10    9.18768e-10    8.73051e-10    7.94263e-10    6.77713e-10    6.32814e-10    5.76416e-10    5.28933e-10    4.70748e-10    4.52955e-10    4.03548e-10    3.50786e-10    3.35566e-10    3.15213e-10    3.00770e-10    2.73377e-10    2.51270e-10    2.45554e-10    2.38353e-10    2.29765e-10    2.14233e-10    2.03541e-10    2.03070e-10    2.13797e-10    2.16626e-10    2.25641e-10    2.26021e-10    2.25645e-10
    5.63339e-05    1.36552e-04    2.96922e-04    7.70958e-04    1.84924e-03    3.16499e-03    7.00629e-03    1.25941e-02    1.87420e-02    3.47348e-02    5.43374e-02    6.98895e-02    8.84615e-02    9.18838e-02    9.25298e-02    1.00430e-01    9.39687e-02    8.72307e-02    7.46272e-02    5.07855e-02    3.77213e-02    2.83341e-02    1.87774e-02    1.32522e-02    8.30210e-03    4.67160e-03    2.86513e-03    1.37385e-03    6.14056e-04    3.15509e-04    1.39602e-04    6.97287e-05    3.51556e-05    1.58607e-05    7.82934e-06    3.79132e-06    1.85277e-06    1.07131e-06    6.88276e-07    4.02572e-07    2.34720e-07    1.45995e-07    8.75533e-08    4.79175e-08    2.81794e-08    1.66200e-08    1.03262e-08    6.43805e-09    3.56757e-09    1.85127e-09    1.19230e-09    9.74576e-10    9.76255e-10    9.20522e-10    8.74717e-10    7.95779e-10    6.79007e-10    6.34022e-10    5.77517e-10    5.29943e-10    4.71647e-10    4.53819e-10    4.04319e-10    3.51455e-10    3.36206e-10    3.15815e-10    3.01344e-10    2.73899e-10    2.51750e-10    2.46023e-10    2.38808e-10    2.30204e-10    2.14642e-10    2.03930e-10    2.03457e-10    2.14205e-10    2.17040e-10    2.26072e-10    2.26452e-10    2.26075e-10
    5.74839e-05    1.39070e-04    2.98095e-04    7.72343e-04    1.87636e-03    3.18322e-03    7.10310e-03    1.27798e-02    1.88849e-02    3.47982e-02    5.52159e-02    7.02579e-02    8.86074e-02    9.06766e-02    9.33241e-02    9.93850e-02    9.37453e-02    8.63835e-02    7.35932e-02    5.06432e-02    3.80222e-02    2.87170e-02    1.90449e-02    1.36501e-02    8.48920e-03    4.84678e-03    2.93711e-03    1.36511e-03    6.13215e-04    3.14234e-04    1.39166e-04    6.94153e-05    3.50135e-05    1.57966e-05    7.79769e-06    3.77600e-06    1.84528e-06    1.06698e-06    6.85494e-07    4.00945e-07    2.33771e-07    1.45405e-07    8.71994e-08    4.77238e-08    2.80655e-08    1.65528e-08    1.02845e-08    6.41202e-09    3.55315e-09    1.84379e-09    1.18748e-09    9.70637e-10    9.72309e-10    9.16801e-10    8.71182e-10    7.92563e-10    6.76262e-10    6.31459e-10    5.75182e-10    5.27801e-10    4.69740e-10    4.51985e-10    4.02684e-10    3.50035e-10    3.34847e-10    3.14538e-10    3.00126e-10    2.72792e-10    2.50732e-10    2.45028e-10    2.37843e-10    2.29273e-10    2.13774e-10    2.03106e-10    2.02635e-10    2.13339e-10    2.16162e-10    2.25158e-10    2.25537e-10    2.25162e-10
