    1.14390e-03    2.80713e-03    6.02002e-03    1.57173e-02    3.76243e-02    6.35086e-02    1.40413e-01    2.51418e-01    3.79472e-01    6.88057e-01    1.09230e+00    1.37690e+00    1.74035e+00    1.81285e+00    1.82542e+00    1.99858e+00    1.88408e+00    1.73820e+00    1.50796e+00    1.03020e+00    7.75226e-01    5.81656e-01    3.90340e-01    2.78948e-01    1.74278e-01    9.59562e-02    5.91018e-02    2.72301e-02    1.24728e-02    6.25411e-03    2.76292e-03    1.40606e-03    7.01305e-04    3.11811e-04    1.54647e-04    7.48874e-05    3.65964e-05    2.11608e-05    1.35950e-05    7.95173e-06    4.63626e-06    2.88373e-06    1.72938e-06    9.46481e-07    5.56608e-07    3.28284e-07    2.03966e-07    1.27166e-07    7.04678e-08    3.65669e-08    2.35507e-08    1.92501e-08    1.92833e-08    1.81824e-08    1.72777e-08    1.57185e-08    1.34119e-08    1.25234e-08    1.14073e-08    1.04676e-08    9.31611e-09    8.96398e-09    7.98622e-09    6.94205e-09    6.64085e-09    6.23807e-09    5.95224e-09    5.41013e-09    4.97264e-09    4.85952e-09    4.71701e-09    4.54705e-09    4.23967e-09    4.02808e-09    4.01875e-09    4.23104e-09    4.28703e-09    4.46544e-09    4.47296e-09    4.46551e-09
    1.15021e-03    2.80698e-03    5.92647e-03    1.57021e-02    3.78675e-02    6.39063e-02    1.41455e-01    2.53087e-01    3.76634e-01    6.82447e-01    1.07341e+00    1.38650e+00    1.72882e+00    1.80985e+00    1.84335e+00    2.02531e+00    1.87431e+00    1.74234e+00    1.52150e+00    1.02704e+00    7.74115e-01    5.74758e-01    3.85619e-01    2.75046e-01    1.68572e-01    9.69133e-02    5.95498e-02    2.79686e-02    1.22900e-02    6.21160e-03    2.78600e-03    1.41780e-03    7.07162e-04    3.14415e-04    1.55939e-04    7.55128e-05    3.69021e-05    2.13375e-05    1.37086e-05    8.01814e-06    4.67498e-06    2.90782e-06    1.74382e-06    9.54386e-07    5.61256e-07    3.31026e-07    2.05670e-07    1.28228e-07    7.10563e-08    3.68723e-08    2.37474e-08    1.94109e-08    1.94443e-08    1.83343e-08    1.74220e-08    1.58498e-08    1.35240e-08    1.26280e-08    1.15026e-08    1.05550e-08    9.39392e-09    9.03884e-09    8.05292e-09    7.00003e-09    6.69631e-09    6.29017e-09    6.00195e-09    5.45532e-09    5.01417e-09    4.90011e-09    4.75640e-09    4.58503e-09    4.27508e-09    4.06173e-09    4.05231e-09    4.26638e-09    4.32284e-09    4.50273e-09    4.51032e-09    4.50280e-09
    1.15046e-03    2.78864e-03    5.94287e-03    1.53960e-02    3.68501e-02    6.37432e-02    1.40811e-01    2.52881e-01    3.80138e-01    6.95017e-01    1.08320e+00    1.40674e+00    1.74744e+00    1.81618e+00    1.86666e+00    2.00316e+00    1.88246e+00    1.73992e+00    1.46029e+00    1.01345e+00    7.62552e-01    5.81487e-01    3.88416e-01    2.76929e-01    1.68952e-01    9.51856e-02    5.98551e-02    2.80901e-02    1.24787e-02    6.29530e-03    2.78662e-03    1.41812e-03    7.07319e-04    3.14485e-04    1.55974e-04    7.55296e-05    3.69102e-05    2.13422e-05    1.37116e-05    8.01992e-06    4.67602e-06    2.90846e-06    1.74421e-06    9.54598e-07    5.61381e-07    3.31099e-07    2.05715e-07    1.28257e-07    7.10721e-08    3.68805e-08    2.37527e-08    1.94152e-08    1.94487e-08    1.83384e-08    1.74258e-08    1.58533e-08    1.35270e-08    1.26308e-08    1.15051e-08    1.05574e-08    9.39600e-09    9.04085e-09    8.05471e-09    7.00158e-09    6.69779e-09    6.29156e-09    6.00328e-09    5.45653e-09    5.01528e-09    4.90119e-09    4.75746e-09    4.58605e-09    4.27603e-09    4.06263e-09    4.05321e-09    4.26732e-09    4.32380e-09    4.50373e-09    4.51132e-09    4.50380e-09
    1.13372e-03    2.79535e-03    5.88145e-03    1.54024e-02    3.70778e-02    6.41608e-02    1.40067e-01    2.54517e-01    3.83656e-01    6.95440e-01    1.11834e+00    1.43094e+00    1.76456e+00    1.82419e+00    1.82942e+00    2.01305e+00    1.86408e+00    1.72304e+00    1.47081e+00    1.01573e+00    7.48292e-01    5.69031e-01    3.79441e-01    2.71657e-01    1.69565e-01    9.57750e-02    5.96928e-02    2.80383e-02    1.23521e-02    6.31415e-03    2.78762e-03    1.41074e-03    7.09019e-04    3.15241e-04    1.56349e-04    7.57111e-05    3.69990e-05    2.13935e-05    1.37446e-05    8.03920e-06    4.68725e-06    2.91545e-06    1.74840e-06    9.56892e-07    5.62730e-07    3.31895e-07    2.06210e-07    1.28565e-07    7.12429e-08    3.69691e-08    2.38098e-08    1.94619e-08    1.94954e-08    1.83824e-08    1.74677e-08    1.58914e-08    1.35595e-08    1.26611e-08    1.15328e-08    1.05827e-08    9.41858e-09    9.06257e-09    8.07407e-09    7.01841e-09    6.71389e-09    6.30669e-09    6.01771e-09    5.46964e-09    5.02733e-09    4.91297e-09    4.76889e-09    4.59707e-09    4.28631e-09    4.07239e-09    4.06295e-09    4.27758e-09    4.33419e-09    4.51455e-09    4.52216e-09    4.51463e-09
    1.13079e-03    2.71889e-03    5.87122e-03    1.53271e-02    3.67830e-02    6.33484e-02    1.39196e-01    2.49866e-01    3.78555e-01    6.95705e-01    1.10606e+00    1.42931e+00    1.75390e+00    1.81349e+00    1.84565e+00    2.00385e+00    1.85054e+00    1.73948e+00    1.49092e+00    1.01530e+00    7.62481e-01    5.71541e-01    3.82124e-01    2.73757e-01    1.68893e-01    9.34277e-02    5.87511e-02    2.77522e-02    1.23720e-02    6.29782e-03    2.84019e-03    1.41253e-03    7.07186e-04    3.14426e-04    1.55944e-04    7.55154e-05    3.69033e-05    2.13382e-05    1.37090e-05    8.01841e-06    4.67514e-06    2.90791e-06    1.74388e-06    9.54418e-07    5.61275e-07    3.31037e-07    2.05677e-07    1.28233e-07    7.10587e-08    3.68735e-08    2.37482e-08    1.94115e-08    1.94450e-08    1.83349e-08    1.74226e-08    1.58503e-08    1.35244e-08    1.26284e-08    1.15029e-08    1.05554e-08    9.39423e-09    9.03914e-09    8.05319e-09    7.00027e-09    6.69653e-09    6.29038e-09    6.00215e-09    5.45550e-09    5.01434e-09    4.90027e-09    4.75656e-09    4.58518e-09    4.27523e-09    4.06186e-09    4.05245e-09    4.26652e-09    4.32298e-09    4.50288e-09    4.51047e-09    4.50296e-09
    1.13456e-03    2.76803e-03    5.83693e-03    1.53240e-02    3.68351e-02    6.36369e-02    1.39134e-01    2.53658e-01    3.83625e-01    6.91046e-01    1.11070e+00    1.41432e+00    1.76436e+00    1.80880e+00    1.82363e+00    1.99920e+00    1.87764e+00    1.72486e+00    1.46971e+00    1.03601e+00    7.71801e-01    5.78354e-01    3.81702e-01    2.70094e-01    1.69236e-01    9.53726e-02    5.91382e-02    2.76678e-02    1.25309e-02    6.31882e-03    2.79296e-03    1.42348e-03    7.09543e-04    3.15474e-04    1.56464e-04    7.57671e-05    3.70263e-05    2.14093e-05    1.37547e-05    8.04514e-06    4.69072e-06    2.91761e-06    1.74969e-06    9.57599e-07    5.63146e-07    3.32140e-07    2.06362e-07    1.28660e-07    7.12955e-08    3.69964e-08    2.38274e-08    1.94763e-08    1.95098e-08    1.83960e-08    1.74806e-08    1.59031e-08    1.35695e-08    1.26705e-08    1.15413e-08    1.05906e-08    9.42554e-09    9.06927e-09    8.08003e-09    7.02360e-09    6.71885e-09    6.31135e-09    6.02216e-09    5.47368e-09    5.03105e-09    4.91660e-09    4.77242e-09    4.60047e-09    4.28948e-09    4.07540e-09    4.06596e-09    4.28074e-09    4.33739e-09    4.51789e-09    4.52550e-09    4.51796e-09
    1.12264e-03    2.74798e-03    5.82059e-03    1.52407e-02    3.74810e-02    6.32307e-02    1.37678e-01    2.47054e-01    3.75560e-01    6.77874e-01    1.08552e+00    1.40030e+00    1.76119e+00    1.80861e+00    1.83479e+00    2.02104e+00    1.85916e+00    1.73474e+00    1.50538e+00    1.02868e+00    7.68028e-01    5.85277e-01    3.89316e-01    2.75390e-01    1.70743e-01    9.71257e-02    5.93252e-02    2.74057e-02    1.23471e-02    6.25815e-03    2.78204e-03    1.41188e-03    7.07557e-04    3.14591e-04    1.56026e-04    7.55549e-05    3.69226e-05    2.13494e-05    1.37162e-05    8.02262e-06    4.67759e-06    2.90944e-06    1.74480e-06    9.54918e-07    5.61569e-07    3.31210e-07    2.05785e-07    1.28300e-07    7.10959e-08    3.68928e-08    2.37607e-08    1.94217e-08    1.94552e-08    1.83445e-08    1.74317e-08    1.58586e-08    1.35315e-08    1.26350e-08    1.15090e-08    1.05609e-08    9.39916e-09    9.04388e-09    8.05741e-09    7.00394e-09    6.70004e-09    6.29368e-09    6.00530e-09    5.45836e-09    5.01696e-09    4.90284e-09    4.75906e-09    4.58759e-09    4.27747e-09    4.06399e-09    4.05457e-09    4.26876e-09    4.32525e-09    4.50524e-09    4.51283e-09    4.50532e-09
    1.12453e-03    2.76060e-03    5.83038e-03    1.52664e-02    3.66125e-02    6.21494e-02    1.39784e-01    2.51940e-01    3.78262e-01    6.95075e-01    1.10447e+00    1.39713e+00    1.75093e+00    1.81366e+00    1.87631e+00    2.01821e+00    1.87238e+00    1.71430e+00    1.48439e+00    1.01678e+00    7.60736e-01    5.76856e-01    3.82367e-01    2.69240e-01    1.66747e-01    9.57351e-02    5.90710e-02    2.76299e-02    1.23727e-02    6.32990e-03    2.78672e-03    1.41425e-03    7.08746e-04    3.16610e-04    1.56288e-04    7.56820e-05    3.69847e-05    2.13853e-05    1.37393e-05    8.03611e-06    4.68545e-06    2.91433e-06    1.74773e-06    9.56524e-07    5.62514e-07    3.31767e-07    2.06131e-07    1.28516e-07    7.12155e-08    3.69549e-08    2.38006e-08    1.94544e-08    1.94879e-08    1.83754e-08    1.74610e-08    1.58853e-08    1.35543e-08    1.26563e-08    1.15283e-08    1.05787e-08    9.41496e-09    9.05909e-09    8.07096e-09    7.01571e-09    6.71131e-09    6.30426e-09    6.01540e-09    5.46754e-09    5.02540e-09    4.91108e-09    4.76706e-09    4.59530e-09    4.28466e-09    4.07083e-09    4.06139e-09    4.27593e-09    4.33252e-09    4.51282e-09    4.52042e-09    4.51289e-09
    1.12668e-03    2.73104e-03    5.93844e-03    1.54192e-02    3.69848e-02    6.32997e-02    1.40126e-01    2.51881e-01    3.74839e-01    6.94695e-01    1.08675e+00    1.39779e+00    1.76923e+00    1.83768e+00    1.85060e+00    2.00860e+00    1.87937e+00    1.74461e+00    1.49254e+00    1.01571e+00    7.54427e-01    5.66682e-01    3.75548e-01    2.65045e-01    1.66042e-01    9.34319e-02    5.73026e-02    2.74769e-02    1.22811e-02    6.31019e-03    2.79204e-03    1.39457e-03    7.03112e-04    3.17215e-04    1.56587e-04    7.58265e-05    3.70553e-05    2.14261e-05    1.37655e-05    8.05145e-06    4.69440e-06    2.91989e-06    1.75107e-06    9.58350e-07    5.63588e-07    3.32400e-07    2.06524e-07    1.28761e-07    7.13514e-08    3.70254e-08    2.38461e-08    1.94915e-08    1.95251e-08    1.84104e-08    1.74943e-08    1.59156e-08    1.35801e-08    1.26804e-08    1.15503e-08    1.05989e-08    9.43294e-09    9.07639e-09    8.08637e-09    7.02911e-09    6.72412e-09    6.31630e-09    6.02688e-09    5.47798e-09    5.03499e-09    4.92046e-09    4.77616e-09    4.60407e-09    4.29284e-09    4.07860e-09    4.06914e-09    4.28410e-09    4.34079e-09    4.52143e-09    4.52905e-09    4.52151e-09
    1.14968e-03    2.78140e-03    5.96190e-03    1.54469e-02    3.75273e-02    6.36645e-02    1.42062e-01    2.55596e-01    3.77698e-01    6.95965e-01    1.10432e+00    1.40516e+00    1.77215e+00    1.81353e+00    1.86648e+00    1.98770e+00    1.87491e+00    1.72767e+00    1.47186e+00    1.01286e+00    7.60444e-01    5.74339e-01    3.80897e-01    2.73001e-01    1.69784e-01    9.69357e-02    5.87423e-02    2.73023e-02    1.22643e-02    6.28468e-03    2.78332e-03    1.38831e-03    7.00270e-04    3.15933e-04    1.55954e-04    7.55200e-05    3.69056e-05    2.13395e-05    1.37099e-05    8.01890e-06    4.67542e-06    2.90809e-06    1.74399e-06    9.54476e-07    5.61310e-07    3.31057e-07    2.05689e-07    1.28240e-07    7.10630e-08    3.68758e-08    2.37497e-08    1.94127e-08    1.94462e-08    1.83360e-08    1.74236e-08    1.58513e-08    1.35252e-08    1.26292e-08    1.15036e-08    1.05560e-08    9.39481e-09    9.03970e-09    8.05368e-09    7.00069e-09    6.69694e-09    6.29077e-09    6.00252e-09    5.45583e-09    5.01464e-09    4.90057e-09    4.75686e-09    4.58546e-09    4.27549e-09    4.06211e-09    4.05270e-09    4.26678e-09    4.32325e-09    4.50316e-09    4.51074e-09    4.50323e-09
