   -3.85245e+00   -4.73192e+00   -5.48154e+00   -6.43688e+00   -7.31781e+00   -7.84736e+00   -8.63449e+00   -9.22029e+00   -9.62523e+00   -1.02262e+01   -1.06869e+01   -1.09339e+01   -1.11572e+01   -1.11901e+01   -1.12088e+01   -1.12995e+01   -1.12285e+01   -1.11516e+01   -1.09974e+01   -1.06193e+01   -1.03274e+01   -1.00474e+01   -9.63922e+00   -9.29903e+00   -8.82277e+00   -8.24637e+00   -7.76912e+00   -7.01308e+00   -6.20680e+00   -5.53316e+00   -4.71311e+00   -4.03074e+00   -3.33529e+00   -2.54388e+00   -1.84531e+00   -1.11834e+00   -3.92480e-01    1.45122e-01    6.07379e-01    1.11031e+00    1.67009e+00    2.15551e+00    2.66238e+00    3.26515e+00    3.79604e+00    4.31952e+00    4.79994e+00    5.27240e+00    5.86274e+00    6.51876e+00    6.95874e+00    7.16038e+00    7.15866e+00    7.21744e+00    7.26848e+00    7.36306e+00    7.52175e+00    7.59030e+00    7.68365e+00    7.76961e+00    7.88615e+00    7.92469e+00    8.04018e+00    8.18030e+00    8.22466e+00    8.28723e+00    8.33413e+00    8.42963e+00    8.51395e+00    8.53696e+00    8.56672e+00    8.60342e+00    8.67341e+00    8.72461e+00    8.72693e+00    8.67545e+00    8.66230e+00    8.62153e+00    8.61985e+00    8.62152e+00
   -3.84000e+00   -4.73088e+00   -5.47958e+00   -6.43726e+00   -7.31951e+00   -7.84996e+00   -8.63608e+00   -9.22212e+00   -9.62690e+00   -1.02278e+01   -1.06886e+01   -1.09355e+01   -1.11588e+01   -1.11918e+01   -1.12104e+01   -1.13011e+01   -1.12302e+01   -1.11533e+01   -1.09990e+01   -1.06210e+01   -1.03292e+01   -1.00491e+01   -9.64104e+00   -9.30098e+00   -8.82457e+00   -8.24801e+00   -7.77199e+00   -7.01497e+00   -6.20808e+00   -5.53476e+00   -4.71405e+00   -4.03748e+00   -3.32869e+00   -2.50792e+00   -1.82912e+00   -1.10008e+00   -3.91612e-01    1.61991e-01    5.87721e-01    1.12668e+00    1.68186e+00    2.15385e+00    2.66072e+00    3.26348e+00    3.79438e+00    4.31785e+00    4.79828e+00    5.27074e+00    5.86108e+00    6.51709e+00    6.95708e+00    7.15872e+00    7.15700e+00    7.21578e+00    7.26682e+00    7.36140e+00    7.52009e+00    7.58864e+00    7.68198e+00    7.76795e+00    7.88449e+00    7.92302e+00    8.03852e+00    8.17864e+00    8.22300e+00    8.28557e+00    8.33247e+00    8.42796e+00    8.51229e+00    8.53530e+00    8.56506e+00    8.60176e+00    8.67175e+00    8.72294e+00    8.72527e+00    8.67379e+00    8.66064e+00    8.61987e+00    8.61819e+00    8.61985e+00
   -3.83193e+00   -4.72144e+00   -5.48322e+00   -6.43832e+00   -7.32027e+00   -7.84897e+00   -8.63614e+00   -9.22170e+00   -9.62645e+00   -1.02272e+01   -1.06880e+01   -1.09350e+01   -1.11582e+01   -1.11912e+01   -1.12099e+01   -1.13006e+01   -1.12296e+01   -1.11527e+01   -1.09985e+01   -1.06204e+01   -1.03286e+01   -1.00486e+01   -9.64054e+00   -9.30063e+00   -8.82395e+00   -8.24746e+00   -7.77214e+00   -7.01287e+00   -6.21475e+00   -5.53136e+00   -4.72709e+00   -4.04623e+00   -3.34295e+00   -2.54107e+00   -1.83888e+00   -1.08449e+00   -3.89132e-01    1.53297e-01    6.09980e-01    1.12891e+00    1.68545e+00    2.15024e+00    2.66128e+00    3.26582e+00    3.79494e+00    4.31842e+00    4.79885e+00    5.27130e+00    5.86164e+00    6.51766e+00    6.95764e+00    7.15928e+00    7.15756e+00    7.21634e+00    7.26738e+00    7.36196e+00    7.52065e+00    7.58920e+00    7.68255e+00    7.76852e+00    7.88505e+00    7.92359e+00    8.03908e+00    8.17920e+00    8.22356e+00    8.28613e+00    8.33303e+00    8.42853e+00    8.51285e+00    8.53586e+00    8.56563e+00    8.60232e+00    8.67231e+00    8.72351e+00    8.72583e+00    8.67435e+00    8.66120e+00    8.62043e+00    8.61875e+00    8.62042e+00
   -3.85022e+00   -4.72853e+00   -5.48385e+00   -6.43615e+00   -7.31731e+00   -7.84723e+00   -8.63440e+00   -9.22006e+00   -9.62485e+00   -1.02257e+01   -1.06865e+01   -1.09335e+01   -1.11567e+01   -1.11897e+01   -1.12083e+01   -1.12990e+01   -1.12281e+01   -1.11512e+01   -1.09969e+01   -1.06189e+01   -1.03271e+01   -1.00471e+01   -9.63903e+00   -9.29908e+00   -8.82259e+00   -8.24610e+00   -7.76991e+00   -7.01245e+00   -6.21081e+00   -5.53264e+00   -4.72769e+00   -4.04684e+00   -3.36541e+00   -2.54520e+00   -1.85181e+00   -1.11303e+00   -4.00740e-01    1.53214e-01    6.10535e-01    1.13224e+00    1.68698e+00    2.15482e+00    2.66282e+00    3.26735e+00    3.79235e+00    4.31995e+00    4.80038e+00    5.27284e+00    5.86318e+00    6.51919e+00    6.95918e+00    7.16082e+00    7.15909e+00    7.21788e+00    7.26892e+00    7.36350e+00    7.52219e+00    7.59074e+00    7.68408e+00    7.77005e+00    7.88659e+00    7.92512e+00    8.04062e+00    8.18074e+00    8.22509e+00    8.28766e+00    8.33457e+00    8.43006e+00    8.51438e+00    8.53739e+00    8.56716e+00    8.60385e+00    8.67385e+00    8.72504e+00    8.72736e+00    8.67589e+00    8.66274e+00    8.62197e+00    8.62028e+00    8.62195e+00
   -3.85528e+00   -4.75316e+00   -5.48471e+00   -6.44021e+00   -7.31910e+00   -7.84915e+00   -8.63695e+00   -9.22213e+00   -9.62705e+00   -1.02278e+01   -1.06886e+01   -1.09356e+01   -1.11588e+01   -1.11919e+01   -1.12105e+01   -1.13012e+01   -1.12302e+01   -1.11533e+01   -1.09990e+01   -1.06210e+01   -1.03292e+01   -1.00492e+01   -9.64117e+00   -9.30123e+00   -8.82491e+00   -8.24834e+00   -7.77139e+00   -7.01517e+00   -6.21175e+00   -5.52827e+00   -4.72709e+00   -4.04709e+00   -3.35079e+00   -2.52753e+00   -1.81588e+00   -1.08739e+00   -3.67216e-01    1.71671e-01    6.14511e-01    1.14450e+00    1.68485e+00    2.15269e+00    2.66622e+00    3.26521e+00    3.79021e+00    4.31781e+00    4.79824e+00    5.27070e+00    5.86104e+00    6.51705e+00    6.95704e+00    7.15868e+00    7.15696e+00    7.21574e+00    7.26678e+00    7.36136e+00    7.52005e+00    7.58860e+00    7.68194e+00    7.76791e+00    7.88445e+00    7.92298e+00    8.03848e+00    8.17860e+00    8.22296e+00    8.28552e+00    8.33243e+00    8.42792e+00    8.51225e+00    8.53526e+00    8.56502e+00    8.60172e+00    8.67171e+00    8.72290e+00    8.72523e+00    8.67375e+00    8.66060e+00    8.61983e+00    8.61815e+00    8.61981e+00
   -3.85397e+00   -4.74557e+00   -5.48867e+00   -6.44300e+00   -7.31990e+00   -7.84902e+00   -8.63721e+00   -9.22226e+00   -9.62724e+00   -1.02281e+01   -1.06888e+01   -1.09358e+01   -1.11591e+01   -1.11921e+01   -1.12107e+01   -1.13014e+01   -1.12305e+01   -1.11535e+01   -1.09992e+01   -1.06213e+01   -1.03294e+01   -1.00493e+01   -9.64132e+00   -9.30145e+00   -8.82498e+00   -8.24798e+00   -7.77126e+00   -7.01628e+00   -6.20733e+00   -5.53785e+00   -4.72036e+00   -4.03329e+00   -3.32585e+00   -2.51566e+00   -1.83021e+00   -1.10099e+00   -3.75454e-01    1.75313e-01    5.99592e-01    1.14430e+00    1.68464e+00    2.15248e+00    2.67251e+00    3.26501e+00    3.79000e+00    4.31761e+00    4.79804e+00    5.27050e+00    5.86084e+00    6.51685e+00    6.95683e+00    7.15847e+00    7.15675e+00    7.21554e+00    7.26658e+00    7.36115e+00    7.51985e+00    7.58839e+00    7.68174e+00    7.76771e+00    7.88425e+00    7.92278e+00    8.03827e+00    8.17839e+00    8.22275e+00    8.28532e+00    8.33222e+00    8.42772e+00    8.51204e+00    8.53505e+00    8.56482e+00    8.60151e+00    8.67150e+00    8.72270e+00    8.72502e+00    8.67354e+00    8.66040e+00    8.61962e+00    8.61794e+00    8.61961e+00
   -3.85013e+00   -4.73875e+00   -5.48933e+00   -6.44382e+00   -7.31861e+00   -7.84776e+00   -8.63549e+00   -9.22139e+00   -9.62643e+00   -1.02272e+01   -1.06880e+01   -1.09349e+01   -1.11581e+01   -1.11912e+01   -1.12098e+01   -1.13004e+01   -1.12295e+01   -1.11526e+01   -1.09982e+01   -1.06204e+01   -1.03286e+01   -1.00484e+01   -9.64042e+00   -9.30060e+00   -8.82345e+00   -8.24658e+00   -7.77168e+00   -7.01468e+00   -6.21045e+00   -5.52733e+00   -4.72119e+00   -4.04684e+00   -3.35756e+00   -2.53740e+00   -1.82843e+00   -1.08889e+00   -3.85258e-01    1.60968e-01    6.08734e-01    1.13451e+00    1.68555e+00    2.15577e+00    2.67342e+00    3.26592e+00    3.79091e+00    4.31852e+00    4.79895e+00    5.27141e+00    5.86175e+00    6.51776e+00    6.95774e+00    7.15938e+00    7.15766e+00    7.21645e+00    7.26749e+00    7.36206e+00    7.52075e+00    7.58930e+00    7.68265e+00    7.76862e+00    7.88516e+00    7.92369e+00    8.03918e+00    8.17930e+00    8.22366e+00    8.28623e+00    8.33313e+00    8.42863e+00    8.51295e+00    8.53596e+00    8.56573e+00    8.60242e+00    8.67241e+00    8.72361e+00    8.72593e+00    8.67445e+00    8.66131e+00    8.62053e+00    8.61885e+00    8.62052e+00
   -3.85307e+00   -4.74733e+00   -5.49127e+00   -6.44601e+00   -7.31961e+00   -7.84766e+00   -8.63525e+00   -9.22094e+00   -9.62576e+00   -1.02267e+01   -1.06874e+01   -1.09344e+01   -1.11576e+01   -1.11907e+01   -1.12093e+01   -1.12999e+01   -1.12290e+01   -1.11521e+01   -1.09977e+01   -1.06199e+01   -1.03281e+01   -1.00480e+01   -9.63990e+00   -9.30018e+00   -8.82255e+00   -8.24592e+00   -7.77126e+00   -7.01401e+00   -6.21331e+00   -5.53185e+00   -4.71314e+00   -4.03508e+00   -3.33652e+00   -2.53292e+00   -1.80932e+00   -1.11018e+00   -3.90519e-01    1.64349e-01    5.95063e-01    1.12603e+00    1.67640e+00    2.14738e+00    2.66848e+00    3.26642e+00    3.78857e+00    4.31902e+00    4.79945e+00    5.27191e+00    5.86225e+00    6.51826e+00    6.95825e+00    7.15989e+00    7.15816e+00    7.21695e+00    7.26799e+00    7.36257e+00    7.52126e+00    7.58981e+00    7.68315e+00    7.76912e+00    7.88566e+00    7.92419e+00    8.03969e+00    8.17981e+00    8.22416e+00    8.28673e+00    8.33364e+00    8.42913e+00    8.51345e+00    8.53646e+00    8.56623e+00    8.60292e+00    8.67292e+00    8.72411e+00    8.72643e+00    8.67496e+00    8.66181e+00    8.62104e+00    8.61935e+00    8.62102e+00
   -3.83980e+00   -4.73347e+00   -5.49056e+00   -6.44560e+00   -7.31814e+00   -7.84599e+00   -8.63452e+00   -9.22024e+00   -9.62487e+00   -1.02260e+01   -1.06868e+01   -1.09337e+01   -1.11569e+01   -1.11900e+01   -1.12087e+01   -1.12992e+01   -1.12283e+01   -1.11514e+01   -1.09970e+01   -1.06192e+01   -1.03273e+01   -1.00472e+01   -9.63918e+00   -9.29958e+00   -8.82204e+00   -8.24586e+00   -7.77082e+00   -7.01553e+00   -6.21144e+00   -5.54011e+00   -4.72883e+00   -4.04878e+00   -3.33448e+00   -2.52531e+00   -1.82426e+00   -1.11638e+00   -4.00946e-01    1.64518e-01    5.91521e-01    1.12674e+00    1.66546e+00    2.14809e+00    2.66919e+00    3.26713e+00    3.78928e+00    4.31973e+00    4.80016e+00    5.27262e+00    5.86296e+00    6.51897e+00    6.95896e+00    7.16060e+00    7.15887e+00    7.21766e+00    7.26870e+00    7.36328e+00    7.52197e+00    7.59051e+00    7.68386e+00    7.76983e+00    7.88637e+00    7.92490e+00    8.04040e+00    8.18052e+00    8.22487e+00    8.28744e+00    8.33435e+00    8.42984e+00    8.51416e+00    8.53717e+00    8.56694e+00    8.60363e+00    8.67363e+00    8.72482e+00    8.72714e+00    8.67567e+00    8.66252e+00    8.62175e+00    8.62006e+00    8.62173e+00
   -3.82706e+00   -4.72964e+00   -5.49076e+00   -6.44357e+00   -7.31925e+00   -7.84689e+00   -8.63519e+00   -9.22106e+00   -9.62565e+00   -1.02269e+01   -1.06876e+01   -1.09345e+01   -1.11577e+01   -1.11909e+01   -1.12095e+01   -1.13000e+01   -1.12292e+01   -1.11523e+01   -1.09978e+01   -1.06200e+01   -1.03282e+01   -1.00480e+01   -9.64000e+00   -9.30043e+00   -8.82274e+00   -8.24600e+00   -7.77077e+00   -7.01813e+00   -6.21027e+00   -5.52649e+00   -4.71257e+00   -4.04073e+00   -3.35123e+00   -2.53426e+00   -1.85035e+00   -1.10003e+00   -4.01350e-01    1.70543e-01    6.04462e-01    1.14373e+00    1.67256e+00    2.14369e+00    2.66835e+00    3.25788e+00    3.78845e+00    4.31889e+00    4.79932e+00    5.27178e+00    5.86212e+00    6.51813e+00    6.95812e+00    7.15976e+00    7.15804e+00    7.21682e+00    7.26786e+00    7.36244e+00    7.52113e+00    7.58968e+00    7.68302e+00    7.76899e+00    7.88553e+00    7.92406e+00    8.03956e+00    8.17968e+00    8.22404e+00    8.28661e+00    8.33351e+00    8.42900e+00    8.51333e+00    8.53634e+00    8.56610e+00    8.60280e+00    8.67279e+00    8.72399e+00    8.72631e+00    8.67483e+00    8.66168e+00    8.62091e+00    8.61923e+00    8.62089e+00
