    5.10086e+03    3.76914e+02    5.01763e+01    1.08978e+01    4.83252e+00    3.01461e+00    4.03948e+00    1.35796e+01    4.33137e+01    2.29031e+02    2.07694e+03    1.00507e+04    8.74350e+04    5.32196e+05    2.52379e+06    6.63558e+06    3.20388e+07    3.88534e+07    1.39966e+08    2.27643e+08    3.25358e+08    4.37751e+08    5.37518e+08    6.24775e+08    1.01376e+09
    5.13276e+03    3.77098e+02    5.01701e+01    1.08982e+01    4.83263e+00    3.01463e+00    4.03956e+00    1.35786e+01    4.33057e+01    2.28910e+02    2.07682e+03    1.01352e+04    8.89507e+04    5.34990e+05    2.53506e+06    6.64465e+06    3.20403e+07    3.88723e+07    1.39967e+08    2.27644e+08    3.25359e+08    4.37753e+08    5.37519e+08    6.24777e+08    1.01376e+09
    5.15948e+03    3.76645e+02    5.01578e+01    1.08984e+01    4.83271e+00    3.01472e+00    4.03964e+00    1.35784e+01    4.33030e+01    2.28819e+02    2.06641e+03    9.99225e+03    8.85380e+04    5.37916e+05    2.53631e+06    6.64647e+06    3.20437e+07    3.88797e+07    1.39971e+08    2.27648e+08    3.25364e+08    4.37761e+08    5.37529e+08    6.24789e+08    1.01378e+09
    5.10745e+03    3.76879e+02    5.01654e+01    1.08981e+01    4.83270e+00    3.01471e+00    4.03974e+00    1.35782e+01    4.32997e+01    2.28837e+02    2.06271e+03    9.89380e+03    8.71305e+04    5.36394e+05    2.53862e+06    6.64481e+06    3.20282e+07    3.88681e+07    1.39965e+08    2.27647e+08    3.25363e+08    4.37759e+08    5.37527e+08    6.24786e+08    1.01378e+09
    5.05345e+03    3.76704e+02    5.01607e+01    1.08982e+01    4.83266e+00    3.01468e+00    4.03973e+00    1.35791e+01    4.32970e+01    2.28893e+02    2.07083e+03    1.00118e+04    8.96402e+04    5.44211e+05    2.54659e+06    6.65568e+06    3.20344e+07    3.88940e+07    1.39969e+08    2.27648e+08    3.25365e+08    4.37761e+08    5.37530e+08    6.24790e+08    1.01378e+09
    5.06862e+03    3.76264e+02    5.01620e+01    1.08979e+01    4.83258e+00    3.01468e+00    4.03977e+00    1.35793e+01    4.33023e+01    2.28949e+02    2.07203e+03    1.01328e+04    8.91967e+04    5.41575e+05    2.54903e+06    6.66280e+06    3.20409e+07    3.89054e+07    1.39970e+08    2.27648e+08    3.25364e+08    4.37760e+08    5.37528e+08    6.24787e+08    1.01378e+09
    5.08427e+03    3.76144e+02    5.01771e+01    1.08973e+01    4.83260e+00    3.01468e+00    4.03975e+00    1.35790e+01    4.33131e+01    2.28836e+02    2.07410e+03    9.97264e+03    8.87445e+04    5.39511e+05    2.54827e+06    6.66303e+06    3.20417e+07    3.89043e+07    1.39971e+08    2.27649e+08    3.25365e+08    4.37762e+08    5.37530e+08    6.24790e+08    1.01379e+09
    5.05545e+03    3.75485e+02    5.01696e+01    1.08981e+01    4.83264e+00    3.01468e+00    4.03977e+00    1.35786e+01    4.33188e+01    2.28771e+02    2.07580e+03    1.00819e+04    8.87396e+04    5.35265e+05    2.52954e+06    6.63796e+06    3.20208e+07    3.88510e+07    1.39963e+08    2.27649e+08    3.25365e+08    4.37762e+08    5.37531e+08    6.24790e+08    1.01379e+09
    5.10393e+03    3.75676e+02    5.01770e+01    1.08980e+01    4.83272e+00    3.01468e+00    4.03977e+00    1.35793e+01    4.33108e+01    2.28565e+02    2.05627e+03    1.00173e+04    8.81368e+04    5.33110e+05    2.52273e+06    6.63228e+06    3.20202e+07    3.88396e+07    1.39964e+08    2.27652e+08    3.25370e+08    4.37768e+08    5.37538e+08    6.24799e+08    1.01380e+09
    5.13625e+03    3.75969e+02    5.01787e+01    1.08976e+01    4.83262e+00    3.01465e+00    4.03974e+00    1.35788e+01    4.33161e+01    2.28612e+02    2.08029e+03    1.00055e+04    8.78666e+04    5.38657e+05    2.52861e+06    6.62658e+06    3.20005e+07    3.88271e+07    1.39954e+08    2.27646e+08    3.25361e+08    4.37756e+08    5.37524e+08    6.24782e+08    1.01377e+09
