    5.88132e-05    1.41718e-04    2.99904e-04    7.79618e-04    1.88133e-03    3.19480e-03    7.01926e-03    1.26096e-02    1.89043e-02    3.44790e-02    5.46587e-02    6.99685e-02    8.74740e-02    9.04050e-02    9.21060e-02    1.00851e-01    9.39438e-02    8.69901e-02    7.45586e-02    5.10861e-02    3.81533e-02    2.88352e-02    1.91707e-02    1.36426e-02    8.47343e-03    4.76137e-03    2.95436e-03    1.38715e-03    6.19382e-04    3.15790e-04    1.39078e-04    7.02924e-05    3.50651e-05    1.58918e-05    7.90293e-06    3.82003e-06    1.84855e-06    1.07982e-06    6.80138e-07    4.11316e-07    2.34999e-07    1.44628e-07    8.71206e-08    4.76807e-08    2.80401e-08    1.66126e-08    1.02752e-08    6.40623e-09    3.54994e-09    1.84212e-09    1.18641e-09    9.69760e-10    9.71430e-10    9.15973e-10    8.70395e-10    7.91847e-10    6.75651e-10    6.30889e-10    5.74663e-10    5.27324e-10    4.69316e-10    4.51577e-10    4.02320e-10    3.49718e-10    3.34545e-10    3.14254e-10    2.99855e-10    2.72545e-10    2.50506e-10    2.44807e-10    2.37628e-10    2.29066e-10    2.13581e-10    2.02922e-10    2.02452e-10    2.13146e-10    2.15967e-10    2.24954e-10    2.25333e-10    2.24958e-10
    5.79890e-05    1.41335e-04    2.98817e-04    7.78615e-04    1.88138e-03    3.19777e-03    7.01873e-03    1.26116e-02    1.89045e-02    3.44769e-02    5.46575e-02    6.99659e-02    8.74725e-02    9.04030e-02    9.21057e-02    1.00851e-01    9.39426e-02    8.69912e-02    7.45539e-02    5.10839e-02    3.81564e-02    2.88366e-02    1.91737e-02    1.36464e-02    8.47451e-03    4.76125e-03    2.95791e-03    1.38745e-03    6.19140e-04    3.15770e-04    1.38976e-04    7.06498e-05    3.47764e-05    1.53049e-05    7.76304e-06    3.74466e-06    1.84387e-06    1.05999e-06    6.92486e-07    4.03963e-07    2.31864e-07    1.44627e-07    8.71203e-08    4.76805e-08    2.80400e-08    1.66125e-08    1.02751e-08    6.40621e-09    3.54993e-09    1.84212e-09    1.18641e-09    9.69757e-10    9.71427e-10    9.15970e-10    8.70392e-10    7.91844e-10    6.75649e-10    6.30886e-10    5.74661e-10    5.27323e-10    4.69314e-10    4.51575e-10    4.02319e-10    3.49717e-10    3.34544e-10    3.14253e-10    2.99854e-10    2.72544e-10    2.50505e-10    2.44806e-10    2.37627e-10    2.29065e-10    2.13581e-10    2.02921e-10    2.02451e-10    2.13146e-10    2.15966e-10    2.24954e-10    2.25333e-10    2.24957e-10
    5.75542e-05    1.40084e-04    3.00072e-04    7.79863e-04    1.88384e-03    3.19636e-03    7.02295e-03    1.26132e-02    1.89062e-02    3.44737e-02    5.46572e-02    6.99672e-02    8.74688e-02    9.04022e-02    9.21039e-02    1.00846e-01    9.39408e-02    8.69881e-02    7.45522e-02    5.10844e-02    3.81563e-02    2.88372e-02    1.91745e-02    1.36491e-02    8.47393e-03    4.76120e-03    2.95998e-03    1.38530e-03    6.23622e-04    3.14871e-04    1.40878e-04    7.13097e-05    3.52952e-05    1.58293e-05    7.84342e-06    3.68874e-06    1.84031e-06    1.06983e-06    6.77612e-07    4.03284e-07    2.31158e-07    1.45229e-07    8.71188e-08    4.75954e-08    2.80395e-08    1.66122e-08    1.02750e-08    6.40610e-09    3.54987e-09    1.84208e-09    1.18639e-09    9.69739e-10    9.71410e-10    9.15953e-10    8.70376e-10    7.91830e-10    6.75637e-10    6.30875e-10    5.74650e-10    5.27313e-10    4.69306e-10    4.51567e-10    4.02312e-10    3.49711e-10    3.34538e-10    3.14247e-10    2.99849e-10    2.72539e-10    2.50500e-10    2.44802e-10    2.37623e-10    2.29061e-10    2.13577e-10    2.02918e-10    2.02447e-10    2.13142e-10    2.15963e-10    2.24950e-10    2.25329e-10    2.24953e-10
    5.87070e-05    1.41297e-04    3.00721e-04    7.79368e-04    1.88117e-03    3.19573e-03    7.02157e-03    1.26119e-02    1.89051e-02    3.44782e-02    5.46558e-02    6.99678e-02    8.74682e-02    9.04040e-02    9.21045e-02    1.00848e-01    9.39403e-02    8.69872e-02    7.45477e-02    5.10832e-02    3.81561e-02    2.88382e-02    1.91751e-02    1.36489e-02    8.47547e-03    4.76208e-03    2.95794e-03    1.38685e-03    6.22130e-04    3.15759e-04    1.41179e-04    7.14625e-05    3.61526e-05    1.59195e-05    7.95779e-06    3.80138e-06    1.86466e-06    1.07157e-06    6.78278e-07    4.02564e-07    2.31160e-07    1.44788e-07    8.71192e-08    4.75956e-08    2.81556e-08    1.66123e-08    1.02750e-08    6.40613e-09    3.54988e-09    1.84209e-09    1.18639e-09    9.69744e-10    9.71414e-10    9.15958e-10    8.70380e-10    7.91834e-10    6.75640e-10    6.30878e-10    5.74653e-10    5.27316e-10    4.69308e-10    4.51569e-10    4.02314e-10    3.49713e-10    3.34539e-10    3.14249e-10    2.99850e-10    2.72541e-10    2.50501e-10    2.44803e-10    2.37624e-10    2.29062e-10    2.13578e-10    2.02919e-10    2.02448e-10    2.13143e-10    2.15964e-10    2.24951e-10    2.25330e-10    2.24954e-10
    5.88783e-05    1.44510e-04    3.00337e-04    7.80869e-04    1.88049e-03    3.19500e-03    7.02438e-03    1.26110e-02    1.89061e-02    3.44763e-02    5.46563e-02    6.99663e-02    8.74683e-02    9.04071e-02    9.21067e-02    1.00847e-01    9.39408e-02    8.69886e-02    7.45480e-02    5.10838e-02    3.81532e-02    2.88350e-02    1.91751e-02    1.36490e-02    8.47690e-03    4.76252e-03    2.95597e-03    1.38764e-03    6.21382e-04    3.13707e-04    1.40792e-04    7.13274e-05    3.55514e-05    1.56071e-05    7.66048e-06    3.69724e-06    1.79932e-06    1.04972e-06    6.74139e-07    3.96806e-07    2.31158e-07    1.44787e-07    8.66367e-08    4.75953e-08    2.81554e-08    1.66122e-08    1.02749e-08    6.40608e-09    3.54986e-09    1.84208e-09    1.18638e-09    9.69737e-10    9.71408e-10    9.15952e-10    8.70374e-10    7.91828e-10    6.75636e-10    6.30874e-10    5.74649e-10    5.27312e-10    4.69305e-10    4.51566e-10    4.02311e-10    3.49710e-10    3.34537e-10    3.14247e-10    2.99848e-10    2.72539e-10    2.50500e-10    2.44801e-10    2.37622e-10    2.29061e-10    2.13576e-10    2.02917e-10    2.02447e-10    2.13141e-10    2.15962e-10    2.24949e-10    2.25328e-10    2.24953e-10
    5.87895e-05    1.43389e-04    3.01467e-04    7.82894e-04    1.88162e-03    3.19395e-03    7.02483e-03    1.26101e-02    1.89059e-02    3.44783e-02    5.46571e-02    6.99702e-02    8.74695e-02    9.04065e-02    9.21066e-02    1.00847e-01    9.39432e-02    8.69866e-02    7.45442e-02    5.10854e-02    3.81557e-02    2.88327e-02    1.91741e-02    1.36492e-02    8.47582e-03    4.75985e-03    2.95500e-03    1.38890e-03    6.18516e-04    3.16663e-04    1.39820e-04    7.03360e-05    3.46689e-05    1.54197e-05    7.76944e-06    3.74709e-06    1.81384e-06    1.04569e-06    6.84136e-07    3.96808e-07    2.31159e-07    1.44787e-07    8.60767e-08    4.75955e-08    2.81555e-08    1.66123e-08    1.02750e-08    6.40611e-09    3.54987e-09    1.84209e-09    1.18639e-09    9.69742e-10    9.71412e-10    9.15956e-10    8.70378e-10    7.91832e-10    6.75638e-10    6.30877e-10    5.74652e-10    5.27314e-10    4.69307e-10    4.51568e-10    4.02313e-10    3.49712e-10    3.34538e-10    3.14248e-10    2.99849e-10    2.72540e-10    2.50501e-10    2.44802e-10    2.37623e-10    2.29062e-10    2.13577e-10    2.02918e-10    2.02448e-10    2.13142e-10    2.15963e-10    2.24950e-10    2.25329e-10    2.24954e-10
    5.86171e-05    1.42543e-04    3.01941e-04    7.84239e-04    1.88090e-03    3.19280e-03    7.01910e-03    1.26105e-02    1.89078e-02    3.44792e-02    5.46618e-02    6.99691e-02    8.74681e-02    9.04075e-02    9.21081e-02    1.00845e-01    9.39428e-02    8.69876e-02    7.45422e-02    5.10876e-02    3.81577e-02    2.88326e-02    1.91741e-02    1.36500e-02    8.47050e-03    4.75751e-03    2.95892e-03    1.38794e-03    6.21011e-04    3.13635e-04    1.40062e-04    7.13604e-05    3.58183e-05    1.57729e-05    7.76267e-06    3.70537e-06    1.83337e-06    1.06176e-06    6.78523e-07    4.01073e-07    2.31158e-07    1.44443e-07    8.60763e-08    4.75953e-08    2.81554e-08    1.66122e-08    1.02749e-08    6.40608e-09    3.54986e-09    1.84208e-09    1.18638e-09    9.69737e-10    9.71407e-10    9.15951e-10    8.70374e-10    7.91828e-10    6.75635e-10    6.30874e-10    5.74649e-10    5.27312e-10    4.69305e-10    4.51566e-10    4.02311e-10    3.49710e-10    3.34537e-10    3.14247e-10    2.99848e-10    2.72539e-10    2.50500e-10    2.44801e-10    2.37622e-10    2.29061e-10    2.13576e-10    2.02917e-10    2.02447e-10    2.13141e-10    2.15962e-10    2.24949e-10    2.25328e-10    2.24953e-10
    5.88192e-05    1.43844e-04    3.02679e-04    7.86357e-04    1.88372e-03    3.19408e-03    7.02093e-03    1.26112e-02    1.89046e-02    3.44772e-02    5.46570e-02    6.99695e-02    8.74659e-02    9.04087e-02    9.21098e-02    1.00844e-01    9.39430e-02    8.69862e-02    7.45418e-02    5.10881e-02    3.81571e-02    2.88355e-02    1.91738e-02    1.36511e-02    8.46720e-03    4.75674e-03    2.95916e-03    1.38771e-03    6.23103e-04    3.15213e-04    1.39010e-04    7.05610e-05    3.50901e-05    1.57103e-05    7.61955e-06    3.78703e-06    1.84397e-06    1.05871e-06    6.88208e-07    4.04693e-07    2.33401e-07    1.45733e-07    8.65458e-08    4.75953e-08    2.82356e-08    1.66122e-08    1.02749e-08    6.40608e-09    3.54986e-09    1.84208e-09    1.18638e-09    9.69736e-10    9.71407e-10    9.15951e-10    8.70374e-10    7.91828e-10    6.75635e-10    6.30873e-10    5.74649e-10    5.27312e-10    4.69305e-10    4.51566e-10    4.02311e-10    3.49710e-10    3.34537e-10    3.14246e-10    2.99848e-10    2.72539e-10    2.50500e-10    2.44801e-10    2.37622e-10    2.29060e-10    2.13576e-10    2.02917e-10    2.02447e-10    2.13141e-10    2.15962e-10    2.24949e-10    2.25328e-10    2.24953e-10
    5.80844e-05    1.41963e-04    3.02673e-04    7.86582e-04    1.88228e-03    3.19098e-03    7.02066e-03    1.26111e-02    1.89010e-02    3.44798e-02    5.46581e-02    6.99663e-02    8.74629e-02    9.04106e-02    9.21118e-02    1.00841e-01    9.39428e-02    8.69876e-02    7.45410e-02    5.10894e-02    3.81550e-02    2.88328e-02    1.91734e-02    1.36525e-02    8.46875e-03    4.75978e-03    2.95991e-03    1.39079e-03    6.22372e-04    3.18049e-04    1.41306e-04    7.15845e-05    3.50430e-05    1.56022e-05    7.73961e-06    3.81322e-06    1.86459e-06    1.05927e-06    6.91131e-07    4.04687e-07    2.36132e-07    1.45731e-07    8.65446e-08    4.75946e-08    2.82352e-08    1.66119e-08    1.02748e-08    6.40599e-09    3.54981e-09    1.84205e-09    1.18637e-09    9.69723e-10    9.71394e-10    9.15938e-10    8.70361e-10    7.91817e-10    6.75625e-10    6.30865e-10    5.74641e-10    5.27304e-10    4.69298e-10    4.51559e-10    4.02305e-10    3.49705e-10    3.34532e-10    3.14242e-10    2.99843e-10    2.72535e-10    2.50496e-10    2.44798e-10    2.37619e-10    2.29057e-10    2.13573e-10    2.02914e-10    2.02444e-10    2.13138e-10    2.15959e-10    2.24946e-10    2.25325e-10    2.24950e-10
    5.73025e-05    1.41306e-04    3.02489e-04    7.84348e-04    1.88283e-03    3.19128e-03    7.01970e-03    1.26112e-02    1.89004e-02    3.44835e-02    5.46586e-02    6.99657e-02    8.74657e-02    9.04125e-02    9.21152e-02    1.00841e-01    9.39435e-02    8.69896e-02    7.45415e-02    5.10874e-02    3.81583e-02    2.88335e-02    1.91735e-02    1.36530e-02    8.46784e-03    4.75660e-03    2.95738e-03    1.39328e-03    6.21138e-04    3.13494e-04    1.38914e-04    7.09528e-05    3.56062e-05    1.57296e-05    7.93777e-06    3.74834e-06    1.86384e-06    1.05205e-06    6.81693e-07    3.97547e-07    2.34273e-07    1.46256e-07    8.65470e-08    4.79983e-08    2.82359e-08    1.66124e-08    1.02751e-08    6.40616e-09    3.54990e-09    1.84210e-09    1.18640e-09    9.69749e-10    9.71420e-10    9.15963e-10    8.70385e-10    7.91838e-10    6.75644e-10    6.30882e-10    5.74656e-10    5.27318e-10    4.69311e-10    4.51572e-10    4.02316e-10    3.49715e-10    3.34541e-10    3.14251e-10    2.99852e-10    2.72542e-10    2.50503e-10    2.44804e-10    2.37625e-10    2.29063e-10    2.13579e-10    2.02920e-10    2.02449e-10    2.13144e-10    2.15965e-10    2.24952e-10    2.25331e-10    2.24956e-10
