    1.17626e-03    2.83436e-03    5.99809e-03    1.55924e-02    3.76266e-02    6.38959e-02    1.40385e-01    2.52191e-01    3.78086e-01    6.89580e-01    1.09317e+00    1.39937e+00    1.74948e+00    1.80810e+00    1.84212e+00    2.01702e+00    1.87888e+00    1.73980e+00    1.49117e+00    1.02172e+00    7.63065e-01    5.76704e-01    3.83414e-01    2.72852e-01    1.69469e-01    9.52274e-02    5.90872e-02    2.77429e-02    1.23876e-02    6.31579e-03    2.78156e-03    1.40585e-03    7.01303e-04    3.17836e-04    1.58059e-04    7.64006e-05    3.69709e-05    2.15965e-05    1.36028e-05    8.22631e-06    4.69999e-06    2.89255e-06    1.74241e-06    9.53614e-07    5.60802e-07    3.32251e-07    2.05503e-07    1.28125e-07    7.09988e-08    3.68425e-08    2.37282e-08    1.93952e-08    1.94286e-08    1.83195e-08    1.74079e-08    1.58369e-08    1.35130e-08    1.26178e-08    1.14933e-08    1.05465e-08    9.38632e-09    9.03153e-09    8.04641e-09    6.99437e-09    6.69089e-09    6.28508e-09    5.99710e-09    5.45090e-09    5.01011e-09    4.89614e-09    4.75256e-09    4.58132e-09    4.27163e-09    4.05844e-09    4.04903e-09    4.26292e-09    4.31934e-09    4.49909e-09    4.50667e-09    4.49916e-09
    1.15978e-03    2.82671e-03    5.97634e-03    1.55723e-02    3.76277e-02    6.39554e-02    1.40375e-01    2.52231e-01    3.78089e-01    6.89539e-01    1.09315e+00    1.39932e+00    1.74945e+00    1.80806e+00    1.84211e+00    2.01702e+00    1.87885e+00    1.73982e+00    1.49108e+00    1.02168e+00    7.63128e-01    5.76731e-01    3.83473e-01    2.72928e-01    1.69490e-01    9.52250e-02    5.91582e-02    2.77491e-02    1.23828e-02    6.31541e-03    2.77953e-03    1.41300e-03    6.95528e-04    3.06098e-04    1.55261e-04    7.48931e-05    3.68773e-05    2.11998e-05    1.38497e-05    8.07926e-06    4.63728e-06    2.89254e-06    1.74241e-06    9.53611e-07    5.60801e-07    3.32250e-07    2.05503e-07    1.28124e-07    7.09986e-08    3.68423e-08    2.37281e-08    1.93951e-08    1.94285e-08    1.83194e-08    1.74078e-08    1.58369e-08    1.35130e-08    1.26177e-08    1.14932e-08    1.05465e-08    9.38629e-09    9.03150e-09    8.04638e-09    6.99435e-09    6.69087e-09    6.28506e-09    5.99708e-09    5.45089e-09    5.01010e-09    4.89613e-09    4.75254e-09    4.58130e-09    4.27161e-09    4.05843e-09    4.04902e-09    4.26291e-09    4.31933e-09    4.49907e-09    4.50665e-09    4.49915e-09
    1.15108e-03    2.80168e-03    6.00145e-03    1.55973e-02    3.76768e-02    6.39272e-02    1.40459e-01    2.52263e-01    3.78125e-01    6.89473e-01    1.09314e+00    1.39934e+00    1.74938e+00    1.80804e+00    1.84208e+00    2.01692e+00    1.87882e+00    1.73976e+00    1.49104e+00    1.02169e+00    7.63125e-01    5.76744e-01    3.83490e-01    2.72982e-01    1.69479e-01    9.52240e-02    5.91997e-02    2.77061e-02    1.24724e-02    6.29742e-03    2.81756e-03    1.42619e-03    7.05904e-04    3.16587e-04    1.56868e-04    7.37749e-05    3.68061e-05    2.13966e-05    1.35522e-05    8.06568e-06    4.62317e-06    2.90458e-06    1.74238e-06    9.51908e-07    5.60791e-07    3.32244e-07    2.05499e-07    1.28122e-07    7.09973e-08    3.68417e-08    2.37277e-08    1.93948e-08    1.94282e-08    1.83191e-08    1.74075e-08    1.58366e-08    1.35127e-08    1.26175e-08    1.14930e-08    1.05463e-08    9.38612e-09    9.03134e-09    8.04624e-09    6.99422e-09    6.69075e-09    6.28495e-09    5.99697e-09    5.45079e-09    5.01001e-09    4.89604e-09    4.75246e-09    4.58122e-09    4.27154e-09    4.05836e-09    4.04895e-09    4.26284e-09    4.31925e-09    4.49899e-09    4.50657e-09    4.49907e-09
    1.17414e-03    2.82594e-03    6.01443e-03    1.55874e-02    3.76233e-02    6.39146e-02    1.40431e-01    2.52237e-01    3.78102e-01    6.89564e-01    1.09312e+00    1.39936e+00    1.74936e+00    1.80808e+00    1.84209e+00    2.01696e+00    1.87881e+00    1.73974e+00    1.49095e+00    1.02166e+00    7.63121e-01    5.76764e-01    3.83501e-01    2.72979e-01    1.69509e-01    9.52415e-02    5.91589e-02    2.77369e-02    1.24426e-02    6.31519e-03    2.82358e-03    1.42925e-03    7.23052e-04    3.18389e-04    1.59156e-04    7.60276e-05    3.72932e-05    2.14314e-05    1.35656e-05    8.05128e-06    4.62319e-06    2.89575e-06    1.74238e-06    9.51913e-07    5.63112e-07    3.32246e-07    2.05500e-07    1.28123e-07    7.09977e-08    3.68418e-08    2.37278e-08    1.93949e-08    1.94283e-08    1.83192e-08    1.74076e-08    1.58367e-08    1.35128e-08    1.26176e-08    1.14931e-08    1.05463e-08    9.38616e-09    9.03138e-09    8.04628e-09    6.99425e-09    6.69078e-09    6.28498e-09    5.99700e-09    5.45081e-09    5.01003e-09    4.89606e-09    4.75248e-09    4.58124e-09    4.27156e-09    4.05838e-09    4.04897e-09    4.26285e-09    4.31927e-09    4.49901e-09    4.50659e-09    4.49909e-09
    1.17757e-03    2.89020e-03    6.00675e-03    1.56174e-02    3.76098e-02    6.39001e-02    1.40488e-01    2.52219e-01    3.78121e-01    6.89527e-01    1.09313e+00    1.39933e+00    1.74937e+00    1.80814e+00    1.84213e+00    2.01693e+00    1.87882e+00    1.73977e+00    1.49096e+00    1.02168e+00    7.63064e-01    5.76701e-01    3.83502e-01    2.72980e-01    1.69538e-01    9.52504e-02    5.91193e-02    2.77529e-02    1.24276e-02    6.27414e-03    2.81584e-03    1.42655e-03    7.11029e-04    3.12141e-04    1.53210e-04    7.39448e-05    3.59864e-05    2.09944e-05    1.34828e-05    7.93613e-06    4.62316e-06    2.89573e-06    1.73273e-06    9.51906e-07    5.63108e-07    3.32244e-07    2.05499e-07    1.28122e-07    7.09972e-08    3.68416e-08    2.37277e-08    1.93947e-08    1.94282e-08    1.83190e-08    1.74075e-08    1.58366e-08    1.35127e-08    1.26175e-08    1.14930e-08    1.05462e-08    9.38610e-09    9.03132e-09    8.04622e-09    6.99421e-09    6.69074e-09    6.28494e-09    5.99696e-09    5.45078e-09    5.01000e-09    4.89603e-09    4.75245e-09    4.58121e-09    4.27153e-09    4.05835e-09    4.04894e-09    4.26283e-09    4.31924e-09    4.49898e-09    4.50656e-09    4.49906e-09
    1.17579e-03    2.86778e-03    6.02934e-03    1.56579e-02    3.76325e-02    6.38790e-02    1.40497e-01    2.52203e-01    3.78118e-01    6.89566e-01    1.09314e+00    1.39940e+00    1.74939e+00    1.80813e+00    1.84213e+00    2.01693e+00    1.87886e+00    1.73973e+00    1.49088e+00    1.02171e+00    7.63114e-01    5.76655e-01    3.83482e-01    2.72985e-01    1.69516e-01    9.51969e-02    5.91000e-02    2.77780e-02    1.23703e-02    6.33327e-03    2.79639e-03    1.40672e-03    6.93379e-04    3.08395e-04    1.55389e-04    7.49417e-05    3.62768e-05    2.09139e-05    1.36827e-05    7.93616e-06    4.62318e-06    2.89575e-06    1.72153e-06    9.51910e-07    5.63110e-07    3.32245e-07    2.05500e-07    1.28122e-07    7.09975e-08    3.68418e-08    2.37278e-08    1.93948e-08    1.94282e-08    1.83191e-08    1.74076e-08    1.58366e-08    1.35128e-08    1.26175e-08    1.14930e-08    1.05463e-08    9.38614e-09    9.03136e-09    8.04626e-09    6.99424e-09    6.69077e-09    6.28496e-09    5.99698e-09    5.45080e-09    5.01002e-09    4.89605e-09    4.75247e-09    4.58123e-09    4.27155e-09    4.05837e-09    4.04896e-09    4.26285e-09    4.31926e-09    4.49900e-09    4.50658e-09    4.49908e-09
    1.17234e-03    2.85086e-03    6.03882e-03    1.56848e-02    3.76179e-02    6.38561e-02    1.40382e-01    2.52210e-01    3.78156e-01    6.89583e-01    1.09324e+00    1.39938e+00    1.74936e+00    1.80815e+00    1.84216e+00    2.01690e+00    1.87886e+00    1.73975e+00    1.49084e+00    1.02175e+00    7.63154e-01    5.76651e-01    3.83481e-01    2.73000e-01    1.69410e-01    9.51501e-02    5.91784e-02    2.77589e-02    1.24202e-02    6.27270e-03    2.80123e-03    1.42721e-03    7.16366e-04    3.15458e-04    1.55253e-04    7.41075e-05    3.66674e-05    2.12352e-05    1.35705e-05    8.02147e-06    4.62316e-06    2.88887e-06    1.72153e-06    9.51906e-07    5.63108e-07    3.32244e-07    2.05499e-07    1.28122e-07    7.09971e-08    3.68416e-08    2.37276e-08    1.93947e-08    1.94281e-08    1.83190e-08    1.74075e-08    1.58366e-08    1.35127e-08    1.26175e-08    1.14930e-08    1.05462e-08    9.38610e-09    9.03132e-09    8.04622e-09    6.99420e-09    6.69073e-09    6.28493e-09    5.99695e-09    5.45078e-09    5.00999e-09    4.89603e-09    4.75244e-09    4.58121e-09    4.27153e-09    4.05835e-09    4.04894e-09    4.26282e-09    4.31924e-09    4.49898e-09    4.50656e-09    4.49906e-09
    1.17638e-03    2.87688e-03    6.05357e-03    1.57271e-02    3.76745e-02    6.38816e-02    1.40419e-01    2.52225e-01    3.78092e-01    6.89545e-01    1.09314e+00    1.39939e+00    1.74932e+00    1.80817e+00    1.84220e+00    2.01687e+00    1.87886e+00    1.73972e+00    1.49084e+00    1.02176e+00    7.63141e-01    5.76710e-01    3.83475e-01    2.73023e-01    1.69344e-01    9.51349e-02    5.91831e-02    2.77542e-02    1.24621e-02    6.30425e-03    2.78019e-03    1.41122e-03    7.01802e-04    3.14206e-04    1.52391e-04    7.57405e-05    3.68793e-05    2.11742e-05    1.37642e-05    8.09386e-06    4.66802e-06    2.91467e-06    1.73092e-06    9.51905e-07    5.64711e-07    3.32243e-07    2.05498e-07    1.28122e-07    7.09971e-08    3.68416e-08    2.37276e-08    1.93947e-08    1.94281e-08    1.83190e-08    1.74075e-08    1.58366e-08    1.35127e-08    1.26175e-08    1.14930e-08    1.05462e-08    9.38609e-09    9.03131e-09    8.04621e-09    6.99420e-09    6.69073e-09    6.28493e-09    5.99695e-09    5.45077e-09    5.00999e-09    4.89602e-09    4.75244e-09    4.58121e-09    4.27152e-09    4.05834e-09    4.04894e-09    4.26282e-09    4.31924e-09    4.49898e-09    4.50656e-09    4.49905e-09
    1.16169e-03    2.83927e-03    6.05345e-03    1.57316e-02    3.76456e-02    6.38196e-02    1.40413e-01    2.52222e-01    3.78019e-01    6.89595e-01    1.09316e+00    1.39933e+00    1.74926e+00    1.80821e+00    1.84224e+00    2.01683e+00    1.87886e+00    1.73975e+00    1.49082e+00    1.02179e+00    7.63099e-01    5.76655e-01    3.83467e-01    2.73050e-01    1.69375e-01    9.51955e-02    5.91983e-02    2.78158e-02    1.24474e-02    6.36099e-03    2.82612e-03    1.43169e-03    7.00859e-04    3.12043e-04    1.54792e-04    7.62644e-05    3.72918e-05    2.11853e-05    1.38226e-05    8.09374e-06    4.72264e-06    2.91463e-06    1.73089e-06    9.51892e-07    5.64703e-07    3.32239e-07    2.05496e-07    1.28120e-07    7.09961e-08    3.68411e-08    2.37273e-08    1.93945e-08    1.94279e-08    1.83188e-08    1.74072e-08    1.58363e-08    1.35125e-08    1.26173e-08    1.14928e-08    1.05461e-08    9.38596e-09    9.03119e-09    8.04610e-09    6.99410e-09    6.69064e-09    6.28484e-09    5.99687e-09    5.45070e-09    5.00992e-09    4.89596e-09    4.75238e-09    4.58115e-09    4.27146e-09    4.05829e-09    4.04888e-09    4.26276e-09    4.31918e-09    4.49892e-09    4.50649e-09    4.49899e-09
    1.14605e-03    2.82613e-03    6.04979e-03    1.56870e-02    3.76566e-02    6.38256e-02    1.40394e-01    2.52224e-01    3.78008e-01    6.89669e-01    1.09317e+00    1.39931e+00    1.74931e+00    1.80825e+00    1.84230e+00    2.01681e+00    1.87887e+00    1.73979e+00    1.49083e+00    1.02175e+00    7.63167e-01    5.76670e-01    3.83470e-01    2.73060e-01    1.69357e-01    9.51321e-02    5.91476e-02    2.78656e-02    1.24228e-02    6.26987e-03    2.77829e-03    1.41906e-03    7.12123e-04    3.14592e-04    1.58755e-04    7.49669e-05    3.72767e-05    2.10411e-05    1.36339e-05    7.95094e-06    4.68545e-06    2.92511e-06    1.73094e-06    9.59966e-07    5.64718e-07    3.32248e-07    2.05501e-07    1.28123e-07    7.09980e-08    3.68421e-08    2.37279e-08    1.93950e-08    1.94284e-08    1.83193e-08    1.74077e-08    1.58368e-08    1.35129e-08    1.26176e-08    1.14931e-08    1.05464e-08    9.38622e-09    9.03143e-09    8.04632e-09    6.99429e-09    6.69082e-09    6.28501e-09    5.99703e-09    5.45084e-09    5.01006e-09    4.89609e-09    4.75251e-09    4.58127e-09    4.27158e-09    4.05840e-09    4.04899e-09    4.26288e-09    4.31930e-09    4.49904e-09    4.50662e-09    4.49911e-09
