   -3.84205e+00   -4.74505e+00   -5.49313e+00   -6.43605e+00   -7.31867e+00   -7.85135e+00   -8.63653e+00   -9.21993e+00   -9.61724e+00   -1.02266e+01   -1.06918e+01   -1.09285e+01   -1.11570e+01   -1.11919e+01   -1.12025e+01   -1.12964e+01   -1.12343e+01   -1.11475e+01   -1.10151e+01   -1.06280e+01   -1.03410e+01   -1.00590e+01   -9.65828e+00   -9.31428e+00   -8.82344e+00   -8.24228e+00   -7.77349e+00   -7.01794e+00   -6.21448e+00   -5.52952e+00   -4.72251e+00   -4.04277e+00   -3.35886e+00   -2.52661e+00   -1.82968e+00   -1.10451e+00   -3.88480e-01    1.59322e-01    6.01766e-01    1.13808e+00    1.67756e+00    2.15239e+00    2.66371e+00    3.26647e+00    3.79737e+00    4.32535e+00    4.80127e+00    5.27373e+00    5.86407e+00    6.52008e+00    6.96007e+00    7.16171e+00    7.15999e+00    7.21877e+00    7.26981e+00    7.36439e+00    7.52308e+00    7.59163e+00    7.68497e+00    7.77094e+00    7.88748e+00    7.92601e+00    8.04151e+00    8.18163e+00    8.22599e+00    8.28856e+00    8.33546e+00    8.43095e+00    8.51528e+00    8.53829e+00    8.56805e+00    8.60475e+00    8.67474e+00    8.72593e+00    8.72826e+00    8.67678e+00    8.66363e+00    8.62286e+00    8.62118e+00    8.62284e+00
   -3.87910e+00   -4.74281e+00   -5.51007e+00   -6.46203e+00   -7.32746e+00   -7.85129e+00   -8.64558e+00   -9.23216e+00   -9.62920e+00   -1.02130e+01   -1.06821e+01   -1.09241e+01   -1.11459e+01   -1.11851e+01   -1.12044e+01   -1.12979e+01   -1.12247e+01   -1.11507e+01   -1.10050e+01   -1.06183e+01   -1.03548e+01   -1.00764e+01   -9.65198e+00   -9.33240e+00   -8.84221e+00   -8.25713e+00   -7.76021e+00   -7.01088e+00   -6.18368e+00   -5.52194e+00   -4.70731e+00   -4.02983e+00   -3.35157e+00   -2.52589e+00   -1.82896e+00   -1.10380e+00   -3.87761e-01    1.60041e-01    6.02485e-01    1.13880e+00    1.67828e+00    2.15310e+00    2.66443e+00    3.26719e+00    3.79808e+00    4.32607e+00    4.80199e+00    5.27445e+00    5.86479e+00    6.52080e+00    6.96079e+00    7.16243e+00    7.16071e+00    7.21949e+00    7.27053e+00    7.36511e+00    7.52380e+00    7.59235e+00    7.68569e+00    7.77166e+00    7.88820e+00    7.92673e+00    8.04223e+00    8.18235e+00    8.22671e+00    8.28927e+00    8.33618e+00    8.43167e+00    8.51599e+00    8.53901e+00    8.56877e+00    8.60547e+00    8.67546e+00    8.72665e+00    8.72897e+00    8.67750e+00    8.66435e+00    8.62358e+00    8.62190e+00    8.62356e+00
   -3.87605e+00   -4.76488e+00   -5.51455e+00   -6.46067e+00   -7.35840e+00   -7.85232e+00   -8.64744e+00   -9.23788e+00   -9.62675e+00   -1.02206e+01   -1.06830e+01   -1.09280e+01   -1.11404e+01   -1.11847e+01   -1.12050e+01   -1.12844e+01   -1.12277e+01   -1.11468e+01   -1.09946e+01   -1.06262e+01   -1.03378e+01   -1.00664e+01   -9.66227e+00   -9.32777e+00   -8.84055e+00   -8.26955e+00   -7.77164e+00   -7.03628e+00   -6.21242e+00   -5.52381e+00   -4.72013e+00   -4.04173e+00   -3.34851e+00   -2.52194e+00   -1.82590e+00   -1.11721e+00   -3.84705e-01    1.63097e-01    6.05541e-01    1.14186e+00    1.68134e+00    2.15616e+00    2.66748e+00    3.27025e+00    3.80114e+00    4.32912e+00    4.80505e+00    5.27751e+00    5.86785e+00    6.52386e+00    6.96384e+00    7.16548e+00    7.16376e+00    7.22255e+00    7.27359e+00    7.36816e+00    7.52686e+00    7.59540e+00    7.68875e+00    7.77472e+00    7.89126e+00    7.92979e+00    8.04528e+00    8.18540e+00    8.22976e+00    8.29233e+00    8.33923e+00    8.43473e+00    8.51905e+00    8.54206e+00    8.57183e+00    8.60852e+00    8.67851e+00    8.72971e+00    8.73203e+00    8.68055e+00    8.66741e+00    8.62663e+00    8.62495e+00    8.62662e+00
   -3.88781e+00   -4.77476e+00   -5.51308e+00   -6.46603e+00   -7.31435e+00   -7.87096e+00   -8.64720e+00   -9.22997e+00   -9.63398e+00   -1.02419e+01   -1.06973e+01   -1.09405e+01   -1.11496e+01   -1.11834e+01   -1.11988e+01   -1.12890e+01   -1.12224e+01   -1.11447e+01   -1.09849e+01   -1.06191e+01   -1.03252e+01   -1.00600e+01   -9.64854e+00   -9.31687e+00   -8.83181e+00   -8.25586e+00   -7.77343e+00   -7.01009e+00   -6.20633e+00   -5.51856e+00   -4.72079e+00   -4.03470e+00   -3.34924e+00   -2.53810e+00   -1.82724e+00   -1.11855e+00   -3.86045e-01    1.61757e-01    6.04201e-01    1.14052e+00    1.68000e+00    2.15482e+00    2.66614e+00    3.26891e+00    3.79980e+00    4.32778e+00    4.80371e+00    5.27616e+00    5.86651e+00    6.52252e+00    6.96250e+00    7.16414e+00    7.16242e+00    7.22120e+00    7.27224e+00    7.36682e+00    7.52551e+00    7.59406e+00    7.68741e+00    7.77338e+00    7.88992e+00    7.92845e+00    8.04394e+00    8.18406e+00    8.22842e+00    8.29099e+00    8.33789e+00    8.43339e+00    8.51771e+00    8.54072e+00    8.57049e+00    8.60718e+00    8.67717e+00    8.72837e+00    8.73069e+00    8.67921e+00    8.66607e+00    8.62529e+00    8.62361e+00    8.62528e+00
   -3.90121e+00   -4.78037e+00   -5.54128e+00   -6.48161e+00   -7.36199e+00   -7.89262e+00   -8.66959e+00   -9.23879e+00   -9.64456e+00   -1.02363e+01   -1.06965e+01   -1.09415e+01   -1.11482e+01   -1.11882e+01   -1.12043e+01   -1.12882e+01   -1.12162e+01   -1.11468e+01   -1.09935e+01   -1.06130e+01   -1.03332e+01   -1.00333e+01   -9.64371e+00   -9.30356e+00   -8.82708e+00   -8.23659e+00   -7.77359e+00   -7.02669e+00   -6.20430e+00   -5.53912e+00   -4.71189e+00   -4.03161e+00   -3.34656e+00   -2.52695e+00   -1.82456e+00   -1.11587e+00   -3.83364e-01    1.64438e-01    6.06882e-01    1.14320e+00    1.68268e+00    2.15750e+00    2.66882e+00    3.27159e+00    3.80248e+00    4.33046e+00    4.80639e+00    5.27885e+00    5.86919e+00    6.52520e+00    6.96519e+00    7.16682e+00    7.16510e+00    7.22389e+00    7.27493e+00    7.36950e+00    7.52820e+00    7.59674e+00    7.69009e+00    7.77606e+00    7.89260e+00    7.93113e+00    8.04662e+00    8.18674e+00    8.23110e+00    8.29367e+00    8.34057e+00    8.43607e+00    8.52039e+00    8.54340e+00    8.57317e+00    8.60986e+00    8.67986e+00    8.73105e+00    8.73337e+00    8.68189e+00    8.66875e+00    8.62797e+00    8.62629e+00    8.62796e+00
   -3.89481e+00   -4.78281e+00   -5.52474e+00   -6.46997e+00   -7.34586e+00   -7.86027e+00   -8.66173e+00   -9.22478e+00   -9.65312e+00   -1.02400e+01   -1.07075e+01   -1.09468e+01   -1.11584e+01   -1.11901e+01   -1.12023e+01   -1.12825e+01   -1.12237e+01   -1.11413e+01   -1.09772e+01   -1.06135e+01   -1.03462e+01   -1.00492e+01   -9.64011e+00   -9.28883e+00   -8.82023e+00   -8.23978e+00   -7.78404e+00   -7.02176e+00   -6.20468e+00   -5.51337e+00   -4.69702e+00   -4.04031e+00   -3.33416e+00   -2.52939e+00   -1.82701e+00   -1.11831e+00   -3.85809e-01    1.61993e-01    6.04438e-01    1.14075e+00    1.68023e+00    2.15506e+00    2.66638e+00    3.26915e+00    3.80004e+00    4.32802e+00    4.80394e+00    5.27640e+00    5.86674e+00    6.52275e+00    6.96274e+00    7.16438e+00    7.16266e+00    7.22144e+00    7.27248e+00    7.36706e+00    7.52575e+00    7.59430e+00    7.68764e+00    7.77361e+00    7.89015e+00    7.92868e+00    8.04418e+00    8.18430e+00    8.22866e+00    8.29123e+00    8.33813e+00    8.43362e+00    8.51795e+00    8.54096e+00    8.57072e+00    8.60742e+00    8.67741e+00    8.72861e+00    8.73093e+00    8.67945e+00    8.66630e+00    8.62553e+00    8.62385e+00    8.62551e+00
   -3.88020e+00   -4.77405e+00   -5.52318e+00   -6.48546e+00   -7.37196e+00   -7.88469e+00   -8.68716e+00   -9.25854e+00   -9.65604e+00   -1.02406e+01   -1.07053e+01   -1.09414e+01   -1.11601e+01   -1.11895e+01   -1.12020e+01   -1.12882e+01   -1.12122e+01   -1.11488e+01   -1.09866e+01   -1.06263e+01   -1.03278e+01   -1.00563e+01   -9.65068e+00   -9.28825e+00   -8.81376e+00   -8.24609e+00   -7.75067e+00   -7.00919e+00   -6.19112e+00   -5.52528e+00   -4.70646e+00   -4.01911e+00   -3.33291e+00   -2.52814e+00   -1.82576e+00   -1.11706e+00   -3.84558e-01    1.63244e-01    6.05688e-01    1.14200e+00    1.68148e+00    2.15631e+00    2.66763e+00    3.27040e+00    3.80129e+00    4.32927e+00    4.80519e+00    5.27765e+00    5.86799e+00    6.52400e+00    6.96399e+00    7.16563e+00    7.16391e+00    7.22269e+00    7.27373e+00    7.36831e+00    7.52700e+00    7.59555e+00    7.68890e+00    7.77486e+00    7.89140e+00    7.92993e+00    8.04543e+00    8.18555e+00    8.22991e+00    8.29248e+00    8.33938e+00    8.43487e+00    8.51920e+00    8.54221e+00    8.57197e+00    8.60867e+00    8.67866e+00    8.72986e+00    8.73218e+00    8.68070e+00    8.66755e+00    8.62678e+00    8.62510e+00    8.62676e+00
   -3.88037e+00   -4.76567e+00   -5.52105e+00   -6.47805e+00   -7.35412e+00   -7.88582e+00   -8.65295e+00   -9.24391e+00   -9.64571e+00   -1.02392e+01   -1.07049e+01   -1.09494e+01   -1.11550e+01   -1.11964e+01   -1.12127e+01   -1.12869e+01   -1.12166e+01   -1.11422e+01   -1.09840e+01   -1.06246e+01   -1.03344e+01   -1.00515e+01   -9.64744e+00   -9.31170e+00   -8.81931e+00   -8.24922e+00   -7.76981e+00   -7.02041e+00   -6.21073e+00   -5.52870e+00   -4.70663e+00   -4.02263e+00   -3.33308e+00   -2.52832e+00   -1.81243e+00   -1.11724e+00   -3.84734e-01    1.63068e-01    6.05512e-01    1.14183e+00    1.68131e+00    2.15613e+00    2.66745e+00    3.27022e+00    3.80111e+00    4.32909e+00    4.80502e+00    5.27748e+00    5.86782e+00    6.52383e+00    6.96381e+00    7.16545e+00    7.16373e+00    7.22252e+00    7.27356e+00    7.36813e+00    7.52683e+00    7.59537e+00    7.68872e+00    7.77469e+00    7.89123e+00    7.92976e+00    8.04525e+00    8.18537e+00    8.22973e+00    8.29230e+00    8.33920e+00    8.43470e+00    8.51902e+00    8.54203e+00    8.57180e+00    8.60849e+00    8.67848e+00    8.72968e+00    8.73200e+00    8.68052e+00    8.66738e+00    8.62660e+00    8.62492e+00    8.62659e+00
   -3.85877e+00   -4.73811e+00   -5.48511e+00   -6.44919e+00   -7.32499e+00   -7.87434e+00   -8.66447e+00   -9.25455e+00   -9.64827e+00   -1.02481e+01   -1.07030e+01   -1.09366e+01   -1.11616e+01   -1.12034e+01   -1.12180e+01   -1.12855e+01   -1.12220e+01   -1.11549e+01   -1.09843e+01   -1.06080e+01   -1.03292e+01   -1.00337e+01   -9.65392e+00   -9.30621e+00   -8.83597e+00   -8.23907e+00   -7.76350e+00   -7.00959e+00   -6.19992e+00   -5.52522e+00   -4.70456e+00   -4.02956e+00   -3.33544e+00   -2.53272e+00   -1.83719e+00   -1.12006e+00   -3.87554e-01    1.60248e-01    6.02692e-01    1.13901e+00    1.67849e+00    2.15331e+00    2.66463e+00    3.26740e+00    3.79829e+00    4.32627e+00    4.80220e+00    5.27466e+00    5.86500e+00    6.52101e+00    6.96100e+00    7.16263e+00    7.16091e+00    7.21970e+00    7.27074e+00    7.36531e+00    7.52401e+00    7.59255e+00    7.68590e+00    7.77187e+00    7.88841e+00    7.92694e+00    8.04243e+00    8.18255e+00    8.22691e+00    8.28948e+00    8.33638e+00    8.43188e+00    8.51620e+00    8.53921e+00    8.56898e+00    8.60567e+00    8.67566e+00    8.72686e+00    8.72918e+00    8.67770e+00    8.66456e+00    8.62378e+00    8.62210e+00    8.62377e+00
   -3.85094e+00   -4.74286e+00   -5.50959e+00   -6.46149e+00   -7.35741e+00   -7.87730e+00   -8.64175e+00   -9.24075e+00   -9.65297e+00   -1.02412e+01   -1.07052e+01   -1.09473e+01   -1.11713e+01   -1.12001e+01   -1.12193e+01   -1.12885e+01   -1.12211e+01   -1.11558e+01   -1.09881e+01   -1.06051e+01   -1.03292e+01   -1.00508e+01   -9.61219e+00   -9.27973e+00   -8.80601e+00   -8.23208e+00   -7.76483e+00   -6.99645e+00   -6.20928e+00   -5.52818e+00   -4.71309e+00   -4.03684e+00   -3.33571e+00   -2.54042e+00   -1.83746e+00   -1.11662e+00   -3.87829e-01    1.59973e-01    6.02417e-01    1.13873e+00    1.67821e+00    2.15304e+00    2.66436e+00    3.26713e+00    3.79802e+00    4.32600e+00    4.80192e+00    5.27438e+00    5.86472e+00    6.52073e+00    6.96072e+00    7.16236e+00    7.16064e+00    7.21942e+00    7.27046e+00    7.36504e+00    7.52373e+00    7.59228e+00    7.68562e+00    7.77159e+00    7.88813e+00    7.92666e+00    8.04216e+00    8.18228e+00    8.22664e+00    8.28921e+00    8.33611e+00    8.43160e+00    8.51593e+00    8.53894e+00    8.56870e+00    8.60540e+00    8.67539e+00    8.72659e+00    8.72891e+00    8.67743e+00    8.66428e+00    8.62351e+00    8.62183e+00    8.62349e+00
