    5.08721e+03    3.77178e+02    5.03011e+01    1.09203e+01    4.84888e+00    3.02443e+00    4.02027e+00    1.34338e+01    4.30870e+01    2.28812e+02    2.07347e+03    1.00039e+04    8.85543e+04    5.38424e+05    2.54056e+06    6.66809e+06    3.21843e+07    3.90305e+07    1.40504e+08    2.28502e+08    3.26585e+08    4.39403e+08    5.39546e+08    6.27133e+08    1.01759e+09
    4.99893e+03    3.71367e+02    4.97053e+01    1.09736e+01    4.87340e+00    3.02333e+00    4.02594e+00    1.32698e+01    4.23524e+01    2.29990e+02    2.09795e+03    1.00654e+04    8.84373e+04    5.37406e+05    2.53575e+06    6.65547e+06    3.21234e+07    3.89567e+07    1.40238e+08    2.28070e+08    3.25967e+08    4.38571e+08    5.38525e+08    6.25946e+08    1.01566e+09
    4.93935e+03    3.65494e+02    4.94359e+01    1.09131e+01    4.87028e+00    3.02888e+00    4.03384e+00    1.33354e+01    4.22373e+01    2.25585e+02    2.06947e+03    1.00019e+04    8.81231e+04    5.37511e+05    2.53785e+06    6.66099e+06    3.21501e+07    3.89887e+07    1.40355e+08    2.28260e+08    3.26238e+08    4.38936e+08    5.38972e+08    6.26466e+08    1.01650e+09
    4.90145e+03    3.70774e+02    4.94598e+01    1.07461e+01    4.83942e+00    3.03300e+00    4.05810e+00    1.34652e+01    4.26822e+01    2.27950e+02    2.07864e+03    9.99503e+03    8.78218e+04    5.36765e+05    2.53437e+06    6.65186e+06    3.21060e+07    3.89353e+07    1.40163e+08    2.27947e+08    3.25791e+08    4.38334e+08    5.38233e+08    6.25607e+08    1.01511e+09
    4.83812e+03    3.59449e+02    4.87214e+01    1.07576e+01    4.83519e+00    3.03272e+00    4.05357e+00    1.35980e+01    4.31177e+01    2.27476e+02    2.06787e+03    1.00343e+04    8.81954e+04    5.38369e+05    2.54192e+06    6.67166e+06    3.22016e+07    3.90512e+07    1.40580e+08    2.28625e+08    3.26761e+08    4.39639e+08    5.39836e+08    6.27470e+08    1.01813e+09
    4.86636e+03    3.65982e+02    4.92722e+01    1.06941e+01    4.80994e+00    3.03820e+00    4.07591e+00    1.34852e+01    4.34779e+01    2.27041e+02    2.09885e+03    1.00869e+04    8.81328e+04    5.37543e+05    2.53802e+06    6.66142e+06    3.21522e+07    3.89913e+07    1.40364e+08    2.28274e+08    3.26259e+08    4.38964e+08    5.39007e+08    6.26506e+08    1.01657e+09
    4.91134e+03    3.59070e+02    4.81216e+01    1.07107e+01    4.81987e+00    3.04234e+00    4.06291e+00    1.35060e+01    4.35874e+01    2.31499e+02    2.09632e+03    1.01451e+04    8.83911e+04    5.38993e+05    2.54486e+06    6.67939e+06    3.22389e+07    3.90964e+07    1.40743e+08    2.28890e+08    3.27139e+08    4.40148e+08    5.40461e+08    6.28196e+08    1.01931e+09
    4.93806e+03    3.63369e+02    4.91003e+01    1.07364e+01    4.81472e+00    3.03673e+00    4.07456e+00    1.35173e+01    4.31599e+01    2.28542e+02    2.08649e+03    1.01474e+04    8.87555e+04    5.39456e+05    2.54676e+06    6.68437e+06    3.22630e+07    3.91257e+07    1.40848e+08    2.29061e+08    3.27383e+08    4.40477e+08    5.40864e+08    6.28665e+08    1.02007e+09
    5.08229e+03    3.73103e+02    4.88083e+01    1.07284e+01    4.80945e+00    3.02823e+00    4.07480e+00    1.36589e+01    4.30719e+01    2.30688e+02    2.09658e+03    1.01184e+04    8.80971e+04    5.38474e+05    2.54260e+06    6.67345e+06    3.22102e+07    3.90616e+07    1.40617e+08    2.28686e+08    3.26848e+08    4.39757e+08    5.39980e+08    6.27638e+08    1.01841e+09
    5.05686e+03    3.66265e+02    4.94326e+01    1.07381e+01    4.78585e+00    3.02668e+00    4.07274e+00    1.36783e+01    4.42299e+01    2.31874e+02    2.08629e+03    1.00768e+04    8.81061e+04    5.38728e+05    2.54345e+06    6.67569e+06    3.22211e+07    3.90747e+07    1.40665e+08    2.28763e+08    3.26958e+08    4.39904e+08    5.40161e+08    6.27848e+08    1.01875e+09
