    5.80630e-05    1.43241e-04    3.02659e-04    7.77068e-04    1.87835e-03    3.19975e-03    7.01641e-03    1.25744e-02    1.87083e-02    3.44102e-02    5.47928e-02    6.94226e-02    8.72429e-02    9.03466e-02    9.13033e-02    1.00298e-01    9.42536e-02    8.64174e-02    7.57070e-02    5.14042e-02    3.85798e-02    2.90984e-02    1.94920e-02    1.38184e-02    8.45848e-03    4.73038e-03    2.96007e-03    1.39051e-03    6.22632e-04    3.13878e-04    1.40049e-04    7.09693e-05    3.58141e-05    1.55816e-05    7.76136e-06    3.75841e-06    1.83668e-06    1.06200e-06    6.82300e-07    3.99077e-07    2.32682e-07    1.44727e-07    8.67931e-08    4.75015e-08    2.79347e-08    1.64757e-08    1.02365e-08    6.38215e-09    3.53660e-09    1.83520e-09    1.18195e-09    9.66114e-10    9.67779e-10    9.12530e-10    8.67123e-10    7.88870e-10    6.73111e-10    6.28517e-10    5.72502e-10    5.25342e-10    4.67552e-10    4.49879e-10    4.00808e-10    3.48404e-10    3.33287e-10    3.13073e-10    2.98728e-10    2.71521e-10    2.49564e-10    2.43887e-10    2.36735e-10    2.28205e-10    2.12778e-10    2.02159e-10    2.01691e-10    2.12345e-10    2.15155e-10    2.24109e-10    2.24486e-10    2.24112e-10
    6.04125e-05    1.43294e-04    3.08636e-04    7.99613e-04    1.89989e-03    3.20792e-03    7.09873e-03    1.27623e-02    1.89828e-02    3.40335e-02    5.44053e-02    6.93010e-02    8.65086e-02    8.99628e-02    9.17229e-02    1.00706e-01    9.35990e-02    8.69201e-02    7.51389e-02    5.10434e-02    3.92171e-02    2.96879e-02    1.94203e-02    1.41079e-02    8.64123e-03    4.81371e-03    2.92867e-03    1.38434e-03    6.05332e-04    3.12322e-04    1.38297e-04    7.02406e-05    3.56470e-05    1.56111e-05    7.77608e-06    3.76553e-06    1.84016e-06    1.06402e-06    6.83594e-07    3.99834e-07    2.33123e-07    1.45002e-07    8.69577e-08    4.75915e-08    2.79877e-08    1.65070e-08    1.02560e-08    6.39425e-09    3.54330e-09    1.83868e-09    1.18419e-09    9.67946e-10    9.69614e-10    9.14260e-10    8.68767e-10    7.90366e-10    6.74388e-10    6.29709e-10    5.73588e-10    5.26338e-10    4.68438e-10    4.50732e-10    4.01568e-10    3.49065e-10    3.33919e-10    3.13666e-10    2.99294e-10    2.72036e-10    2.50037e-10    2.44349e-10    2.37184e-10    2.28638e-10    2.13182e-10    2.02543e-10    2.02073e-10    2.12748e-10    2.15563e-10    2.24534e-10    2.24912e-10    2.24537e-10
    6.03623e-05    1.46819e-04    3.10713e-04    8.00304e-04    1.96396e-03    3.21841e-03    7.12780e-03    1.28642e-02    1.89786e-02    3.43688e-02    5.45742e-02    6.97237e-02    8.62278e-02    9.01342e-02    9.19834e-02    9.95830e-02    9.40891e-02    8.67756e-02    7.45290e-02    5.15591e-02    3.86445e-02    2.94576e-02    1.96649e-02    1.40740e-02    8.64619e-03    4.88473e-03    2.96894e-03    1.42310e-03    6.24369e-04    3.13603e-04    1.40393e-04    7.12398e-05    3.56174e-05    1.55843e-05    7.76962e-06    3.82488e-06    1.83864e-06    1.06313e-06    6.83026e-07    3.99502e-07    2.32930e-07    1.44881e-07    8.68855e-08    4.75520e-08    2.79645e-08    1.64933e-08    1.02474e-08    6.38894e-09    3.54036e-09    1.83715e-09    1.18321e-09    9.67143e-10    9.68809e-10    9.13501e-10    8.68046e-10    7.89710e-10    6.73828e-10    6.29186e-10    5.73112e-10    5.25901e-10    4.68049e-10    4.50358e-10    4.01235e-10    3.48775e-10    3.33642e-10    3.13406e-10    2.99046e-10    2.71810e-10    2.49830e-10    2.44146e-10    2.36987e-10    2.28448e-10    2.13005e-10    2.02374e-10    2.01905e-10    2.12571e-10    2.15384e-10    2.24347e-10    2.24725e-10    2.24351e-10
    6.10786e-05    1.48281e-04    3.10267e-04    8.04625e-04    1.87938e-03    3.27905e-03    7.12633e-03    1.27631e-02    1.91170e-02    3.51119e-02    5.53628e-02    7.06027e-02    8.70291e-02    9.00163e-02    9.14174e-02    1.00045e-01    9.36004e-02    8.66010e-02    7.38135e-02    5.11962e-02    3.81606e-02    2.92723e-02    1.93974e-02    1.39219e-02    8.57118e-03    4.81848e-03    2.97434e-03    1.38637e-03    6.20596e-04    3.11971e-04    1.40491e-04    7.07427e-05    3.56444e-05    1.58386e-05    7.78029e-06    3.83013e-06    1.84116e-06    1.06459e-06    6.83964e-07    4.00050e-07    2.33249e-07    1.45080e-07    8.70048e-08    4.76173e-08    2.80028e-08    1.65159e-08    1.02615e-08    6.39771e-09    3.54522e-09    1.83967e-09    1.18483e-09    9.68470e-10    9.70139e-10    9.14755e-10    8.69237e-10    7.90794e-10    6.74753e-10    6.30050e-10    5.73899e-10    5.26623e-10    4.68692e-10    4.50976e-10    4.01786e-10    3.49253e-10    3.34100e-10    3.13836e-10    2.99456e-10    2.72183e-10    2.50173e-10    2.44482e-10    2.37312e-10    2.28761e-10    2.13297e-10    2.02652e-10    2.02183e-10    2.12863e-10    2.15680e-10    2.24655e-10    2.25034e-10    2.24659e-10
    6.18844e-05    1.49072e-04    3.19047e-04    8.17021e-04    1.97051e-03    3.34986e-03    7.28554e-03    1.28725e-02    1.93146e-02    3.49057e-02    5.53042e-02    7.06525e-02    8.68795e-02    9.04222e-02    9.18886e-02    9.99285e-02    9.29939e-02    8.67585e-02    7.44231e-02    5.08724e-02    3.84573e-02    2.84905e-02    1.92982e-02    1.37339e-02    8.52826e-03    4.72510e-03    2.97397e-03    1.40916e-03    6.19154e-04    3.18358e-04    1.39205e-04    7.05042e-05    3.55386e-05    1.56583e-05    7.75719e-06    3.81876e-06    1.83569e-06    1.06143e-06    6.81933e-07    3.98863e-07    2.32557e-07    1.44649e-07    8.67465e-08    4.74760e-08    2.79197e-08    1.64669e-08    1.02311e-08    6.37872e-09    3.53470e-09    1.83421e-09    1.18132e-09    9.65596e-10    9.67259e-10    9.12040e-10    8.66657e-10    7.88447e-10    6.72750e-10    6.28180e-10    5.72195e-10    5.25060e-10    4.67301e-10    4.49638e-10    4.00593e-10    3.48217e-10    3.33108e-10    3.12905e-10    2.98567e-10    2.71375e-10    2.49430e-10    2.43756e-10    2.36608e-10    2.28082e-10    2.12664e-10    2.02051e-10    2.01582e-10    2.12231e-10    2.15040e-10    2.23988e-10    2.24366e-10    2.23992e-10
    6.14337e-05    1.49301e-04    3.13530e-04    8.06840e-04    1.93722e-03    3.24030e-03    7.22193e-03    1.26818e-02    1.94630e-02    3.50014e-02    5.58628e-02    7.09655e-02    8.76853e-02    9.05126e-02    9.16265e-02    9.92768e-02    9.36040e-02    8.62036e-02    7.31528e-02    5.08492e-02    3.89237e-02    2.89228e-02    1.92113e-02    1.35207e-02    8.46230e-03    4.73592e-03    3.00247e-03    1.40096e-03    6.18828e-04    3.09984e-04    1.37026e-04    7.10556e-05    3.50687e-05    1.56824e-05    7.76912e-06    3.82463e-06    1.83852e-06    1.06307e-06    6.82982e-07    3.99476e-07    2.32915e-07    1.44872e-07    8.68799e-08    4.75490e-08    2.79626e-08    1.64922e-08    1.02468e-08    6.38853e-09    3.54013e-09    1.83703e-09    1.18313e-09    9.67080e-10    9.68746e-10    9.13442e-10    8.67990e-10    7.89659e-10    6.73784e-10    6.29145e-10    5.73075e-10    5.25867e-10    4.68019e-10    4.50329e-10    4.01209e-10    3.48752e-10    3.33620e-10    3.13386e-10    2.99026e-10    2.71792e-10    2.49813e-10    2.44131e-10    2.36971e-10    2.28433e-10    2.12991e-10    2.02361e-10    2.01892e-10    2.12557e-10    2.15370e-10    2.24333e-10    2.24711e-10    2.24337e-10
    6.04552e-05    1.47785e-04    3.12588e-04    8.18245e-04    1.98558e-03    3.31562e-03    7.39729e-03    1.30984e-02    1.94918e-02    3.49718e-02    5.56569e-02    7.04785e-02    8.77104e-02    9.03317e-02    9.14611e-02    9.96999e-02    9.24058e-02    8.67270e-02    7.37422e-02    5.14300e-02    3.81570e-02    2.90858e-02    1.93876e-02    1.34934e-02    8.39563e-03    4.75901e-03    2.89974e-03    1.38146e-03    6.09615e-04    3.13244e-04    1.38125e-04    6.94644e-05    3.49744e-05    1.56402e-05    7.74822e-06    3.81434e-06    1.83357e-06    1.06021e-06    6.81145e-07    3.98401e-07    2.32288e-07    1.44482e-07    8.66462e-08    4.74210e-08    2.78874e-08    1.64478e-08    1.02192e-08    6.37134e-09    3.53061e-09    1.83209e-09    1.17995e-09    9.64479e-10    9.66140e-10    9.10985e-10    8.65655e-10    7.87535e-10    6.71972e-10    6.27453e-10    5.71533e-10    5.24453e-10    4.66760e-10    4.49117e-10    4.00129e-10    3.47814e-10    3.32723e-10    3.12543e-10    2.98222e-10    2.71061e-10    2.49141e-10    2.43474e-10    2.36334e-10    2.27819e-10    2.12418e-10    2.01817e-10    2.01349e-10    2.11986e-10    2.14791e-10    2.23729e-10    2.24106e-10    2.23733e-10
    6.04101e-05    1.46416e-04    3.11636e-04    8.11457e-04    1.94868e-03    3.31631e-03    7.14189e-03    1.28963e-02    1.92737e-02    3.48912e-02    5.55882e-02    7.09800e-02    8.71884e-02    9.08690e-02    9.23653e-02    9.94765e-02    9.27198e-02    8.60753e-02    7.34801e-02    5.12948e-02    3.83750e-02    2.89193e-02    1.93071e-02    1.38009e-02    8.43458e-03    4.76953e-03    2.95305e-03    1.39576e-03    6.21117e-04    3.14028e-04    1.38022e-04    6.96451e-05    3.49483e-05    1.56286e-05    7.63864e-06    3.81150e-06    1.83220e-06    1.05942e-06    6.80637e-07    3.98105e-07    2.32115e-07    1.44374e-07    8.65816e-08    4.73857e-08    2.78666e-08    1.64356e-08    1.02116e-08    6.36660e-09    3.52798e-09    1.83073e-09    1.17907e-09    9.63760e-10    9.65420e-10    9.10306e-10    8.65009e-10    7.86948e-10    6.71471e-10    6.26985e-10    5.71107e-10    5.24062e-10    4.66412e-10    4.48783e-10    3.99831e-10    3.47555e-10    3.32475e-10    3.12310e-10    2.98000e-10    2.70859e-10    2.48956e-10    2.43292e-10    2.36158e-10    2.27649e-10    2.12260e-10    2.01667e-10    2.01199e-10    2.11828e-10    2.14631e-10    2.23563e-10    2.23939e-10    2.23566e-10
    5.90492e-05    1.42268e-04    3.00279e-04    7.87442e-04    1.89050e-03    3.27456e-03    7.21609e-03    1.30189e-02    1.93003e-02    3.51606e-02    5.54173e-02    6.99957e-02    8.76616e-02    9.14028e-02    9.27439e-02    9.92235e-02    9.31124e-02    8.70719e-02    7.34141e-02    5.03908e-02    3.81299e-02    2.83749e-02    1.94096e-02    1.37091e-02    8.56609e-03    4.71577e-03    2.93101e-03    1.37910e-03    6.13709e-04    3.12567e-04    1.37574e-04    7.00468e-05    3.49892e-05    1.56790e-05    7.82081e-06    3.81774e-06    1.83520e-06    1.06115e-06    6.81751e-07    3.98756e-07    2.32495e-07    1.44611e-07    8.67233e-08    4.74633e-08    2.79122e-08    1.64625e-08    1.02283e-08    6.37702e-09    3.53375e-09    1.83372e-09    1.18100e-09    9.65337e-10    9.67000e-10    9.11795e-10    8.66425e-10    7.88236e-10    6.72570e-10    6.28011e-10    5.72042e-10    5.24919e-10    4.67176e-10    4.49517e-10    4.00486e-10    3.48124e-10    3.33019e-10    3.12821e-10    2.98487e-10    2.71302e-10    2.49363e-10    2.43691e-10    2.36544e-10    2.28021e-10    2.12607e-10    2.01997e-10    2.01528e-10    2.12174e-10    2.14982e-10    2.23929e-10    2.24306e-10    2.23932e-10
    5.85531e-05    1.42858e-04    3.07531e-04    7.96702e-04    1.95160e-03    3.28227e-03    7.04967e-03    1.28326e-02    1.93793e-02    3.48970e-02    5.55020e-02    7.07063e-02    8.84545e-02    9.10416e-02    9.28040e-02    9.94587e-02    9.29718e-02    8.70977e-02    7.36535e-02    5.02169e-02    3.81081e-02    2.88490e-02    1.86050e-02    1.33427e-02    8.30822e-03    4.68009e-03    2.93311e-03    1.36027e-03    6.19102e-04    3.13303e-04    1.38668e-04    7.05152e-05    3.49775e-05    1.57905e-05    7.81819e-06    3.80230e-06    1.83459e-06    1.06079e-06    6.81522e-07    3.98622e-07    2.32417e-07    1.44562e-07    8.66942e-08    4.74473e-08    2.79029e-08    1.64569e-08    1.02249e-08    6.37488e-09    3.53257e-09    1.83311e-09    1.18060e-09    9.65013e-10    9.66676e-10    9.11490e-10    8.66135e-10    7.87971e-10    6.72344e-10    6.27801e-10    5.71850e-10    5.24743e-10    4.67019e-10    4.49366e-10    4.00351e-10    3.48007e-10    3.32907e-10    3.12716e-10    2.98387e-10    2.71211e-10    2.49280e-10    2.43609e-10    2.36465e-10    2.27945e-10    2.12536e-10    2.01929e-10    2.01461e-10    2.12103e-10    2.14910e-10    2.23853e-10    2.24230e-10    2.23857e-10
