    1.16126e-03    2.86482e-03    6.05318e-03    1.55414e-02    3.75669e-02    6.39949e-02    1.40328e-01    2.51487e-01    3.74167e-01    6.88204e-01    1.09586e+00    1.38845e+00    1.74486e+00    1.80693e+00    1.82607e+00    2.00596e+00    1.88507e+00    1.72835e+00    1.51414e+00    1.02808e+00    7.71595e-01    5.81968e-01    3.89841e-01    2.76368e-01    1.69170e-01    9.46075e-02    5.92013e-02    2.78101e-02    1.24526e-02    6.27756e-03    2.80098e-03    1.41939e-03    7.16282e-04    3.11631e-04    1.55227e-04    7.51681e-05    3.67336e-05    2.12401e-05    1.36460e-05    7.98154e-06    4.65364e-06    2.89454e-06    1.73586e-06    9.50029e-07    5.58694e-07    3.29514e-07    2.04731e-07    1.27643e-07    7.07319e-08    3.67040e-08    2.36390e-08    1.93223e-08    1.93556e-08    1.82506e-08    1.73425e-08    1.57774e-08    1.34622e-08    1.25703e-08    1.14500e-08    1.05068e-08    9.35103e-09    8.99758e-09    8.01616e-09    6.96808e-09    6.66574e-09    6.26146e-09    5.97455e-09    5.43041e-09    4.99128e-09    4.87774e-09    4.73469e-09    4.56410e-09    4.25557e-09    4.04319e-09    4.03381e-09    4.24690e-09    4.30311e-09    4.48218e-09    4.48973e-09    4.48225e-09
    1.20825e-03    2.86589e-03    6.17272e-03    1.59923e-02    3.79979e-02    6.41585e-02    1.41975e-01    2.55246e-01    3.79657e-01    6.80669e-01    1.08811e+00    1.38602e+00    1.73017e+00    1.79926e+00    1.83446e+00    2.01412e+00    1.87198e+00    1.73840e+00    1.50278e+00    1.02087e+00    7.84341e-01    5.93758e-01    3.88405e-01    2.82159e-01    1.72825e-01    9.62743e-02    5.85734e-02    2.76868e-02    1.21066e-02    6.24644e-03    2.76594e-03    1.40481e-03    7.12939e-04    3.12222e-04    1.55522e-04    7.53107e-05    3.68033e-05    2.12804e-05    1.36719e-05    7.99668e-06    4.66246e-06    2.90003e-06    1.73915e-06    9.51831e-07    5.59754e-07    3.30139e-07    2.05119e-07    1.27885e-07    7.08661e-08    3.67736e-08    2.36838e-08    1.93589e-08    1.93923e-08    1.82852e-08    1.73753e-08    1.58073e-08    1.34878e-08    1.25942e-08    1.14718e-08    1.05268e-08    9.36877e-09    9.01464e-09    8.03136e-09    6.98129e-09    6.67838e-09    6.27333e-09    5.98588e-09    5.44071e-09    5.00074e-09    4.88699e-09    4.74367e-09    4.57275e-09    4.26364e-09    4.05085e-09    4.04146e-09    4.25495e-09    4.31127e-09    4.49068e-09    4.49824e-09    4.49075e-09
    1.20725e-03    2.93637e-03    6.21425e-03    1.60061e-02    3.92792e-02    6.43682e-02    1.42556e-01    2.57283e-01    3.79571e-01    6.87375e-01    1.09148e+00    1.39447e+00    1.72456e+00    1.80268e+00    1.83967e+00    1.99166e+00    1.88178e+00    1.73551e+00    1.49058e+00    1.03118e+00    7.72890e-01    5.89152e-01    3.93298e-01    2.81481e-01    1.72924e-01    9.76946e-02    5.93787e-02    2.84621e-02    1.24874e-02    6.27206e-03    2.80786e-03    1.42480e-03    7.12347e-04    3.11686e-04    1.55392e-04    7.64975e-05    3.67727e-05    2.12627e-05    1.36605e-05    7.99004e-06    4.65859e-06    2.89762e-06    1.73771e-06    9.51041e-07    5.59289e-07    3.29865e-07    2.04949e-07    1.27779e-07    7.08072e-08    3.67430e-08    2.36642e-08    1.93429e-08    1.93762e-08    1.82700e-08    1.73609e-08    1.57942e-08    1.34766e-08    1.25837e-08    1.14622e-08    1.05180e-08    9.36099e-09    9.00716e-09    8.02469e-09    6.97549e-09    6.67284e-09    6.26812e-09    5.98091e-09    5.43619e-09    4.99659e-09    4.88293e-09    4.73973e-09    4.56896e-09    4.26010e-09    4.04749e-09    4.03811e-09    4.25142e-09    4.30769e-09    4.48695e-09    4.49450e-09    4.48702e-09
    1.22157e-03    2.96563e-03    6.20534e-03    1.60925e-02    3.75876e-02    6.55809e-02    1.42527e-01    2.55263e-01    3.82339e-01    7.02237e-01    1.10726e+00    1.41205e+00    1.74058e+00    1.80033e+00    1.82835e+00    2.00091e+00    1.87201e+00    1.73202e+00    1.47627e+00    1.02392e+00    7.63212e-01    5.85446e-01    3.87948e-01    2.78438e-01    1.71424e-01    9.63696e-02    5.94868e-02    2.77274e-02    1.24119e-02    6.23942e-03    2.80982e-03    1.41485e-03    7.12887e-04    3.16772e-04    1.55606e-04    7.66026e-05    3.68232e-05    2.12919e-05    1.36793e-05    8.00101e-06    4.66499e-06    2.90160e-06    1.74010e-06    9.52346e-07    5.60057e-07    3.30318e-07    2.05230e-07    1.27954e-07    7.09044e-08    3.67935e-08    2.36967e-08    1.93694e-08    1.94028e-08    1.82951e-08    1.73847e-08    1.58159e-08    1.34951e-08    1.26010e-08    1.14780e-08    1.05325e-08    9.37384e-09    9.01952e-09    8.03571e-09    6.98507e-09    6.68200e-09    6.27673e-09    5.98912e-09    5.44366e-09    5.00345e-09    4.88963e-09    4.74624e-09    4.57523e-09    4.26595e-09    4.05305e-09    4.04365e-09    4.25726e-09    4.31360e-09    4.49311e-09    4.50067e-09    4.49318e-09
    1.23769e-03    2.98144e-03    6.38094e-03    1.63404e-02    3.94102e-02    6.69972e-02    1.45711e-01    2.57450e-01    3.86293e-01    6.98115e-01    1.10608e+00    1.41305e+00    1.73759e+00    1.80844e+00    1.83777e+00    1.99857e+00    1.85988e+00    1.73517e+00    1.48846e+00    1.01745e+00    7.69145e-01    5.69809e-01    3.85963e-01    2.74677e-01    1.70565e-01    9.45020e-02    5.94794e-02    2.81832e-02    1.23831e-02    6.36715e-03    2.78409e-03    1.41008e-03    7.10771e-04    3.13167e-04    1.55144e-04    7.63752e-05    3.67139e-05    2.12287e-05    1.36387e-05    7.97726e-06    4.65114e-06    2.89299e-06    1.73493e-06    9.49519e-07    5.58394e-07    3.29338e-07    2.04621e-07    1.27574e-07    7.06940e-08    3.66843e-08    2.36263e-08    1.93119e-08    1.93452e-08    1.82408e-08    1.73331e-08    1.57689e-08    1.34550e-08    1.25636e-08    1.14439e-08    1.05012e-08    9.34601e-09    8.99275e-09    8.01186e-09    6.96434e-09    6.66216e-09    6.25809e-09    5.97135e-09    5.42750e-09    4.98860e-09    4.87512e-09    4.73215e-09    4.56165e-09    4.25328e-09    4.04102e-09    4.03165e-09    4.24462e-09    4.30080e-09    4.47977e-09    4.48732e-09    4.47984e-09
    1.22867e-03    2.98602e-03    6.27059e-03    1.61368e-02    3.87444e-02    6.48061e-02    1.44439e-01    2.53637e-01    3.89260e-01    7.00028e-01    1.11726e+00    1.41931e+00    1.75371e+00    1.81025e+00    1.83253e+00    1.98554e+00    1.87208e+00    1.72407e+00    1.46306e+00    1.01698e+00    7.78474e-01    5.78456e-01    3.84227e-01    2.70414e-01    1.69246e-01    9.47185e-02    6.00495e-02    2.80192e-02    1.23766e-02    6.19969e-03    2.74052e-03    1.42111e-03    7.01374e-04    3.13648e-04    1.55382e-04    7.64926e-05    3.67703e-05    2.12613e-05    1.36596e-05    7.98952e-06    4.65829e-06    2.89744e-06    1.73760e-06    9.50979e-07    5.59253e-07    3.29844e-07    2.04936e-07    1.27771e-07    7.08027e-08    3.67407e-08    2.36626e-08    1.93416e-08    1.93749e-08    1.82688e-08    1.73598e-08    1.57932e-08    1.34757e-08    1.25829e-08    1.14615e-08    1.05173e-08    9.36038e-09    9.00658e-09    8.02418e-09    6.97504e-09    6.67241e-09    6.26772e-09    5.98053e-09    5.43584e-09    4.99627e-09    4.88261e-09    4.73943e-09    4.56866e-09    4.25982e-09    4.04723e-09    4.03785e-09    4.25115e-09    4.30741e-09    4.48666e-09    4.49421e-09    4.48673e-09
    1.20910e-03    2.95571e-03    6.25176e-03    1.63649e-02    3.97116e-02    6.63124e-02    1.47946e-01    2.61968e-01    3.89836e-01    6.99437e-01    1.11314e+00    1.40957e+00    1.75421e+00    1.80663e+00    1.82922e+00    1.99400e+00    1.84812e+00    1.73454e+00    1.47484e+00    1.02860e+00    7.63139e-01    5.81716e-01    3.87752e-01    2.69867e-01    1.67913e-01    9.51803e-02    5.79947e-02    2.76292e-02    1.21923e-02    6.26488e-03    2.76251e-03    1.38929e-03    6.99487e-04    3.12805e-04    1.54964e-04    7.62868e-05    3.66714e-05    2.12041e-05    1.36229e-05    7.96803e-06    4.64576e-06    2.88964e-06    1.73292e-06    9.48421e-07    5.57748e-07    3.28957e-07    2.04384e-07    1.27427e-07    7.06122e-08    3.66418e-08    2.35990e-08    1.92896e-08    1.93228e-08    1.82197e-08    1.73131e-08    1.57507e-08    1.34394e-08    1.25491e-08    1.14307e-08    1.04891e-08    9.33520e-09    8.98235e-09    8.00259e-09    6.95628e-09    6.65446e-09    6.25085e-09    5.96444e-09    5.42122e-09    4.98283e-09    4.86948e-09    4.72668e-09    4.55637e-09    4.24836e-09    4.03634e-09    4.02698e-09    4.23971e-09    4.29582e-09    4.47459e-09    4.48212e-09    4.47466e-09
    1.20820e-03    2.92832e-03    6.23271e-03    1.62291e-02    3.89736e-02    6.63263e-02    1.42838e-01    2.57925e-01    3.85474e-01    6.97824e-01    1.11176e+00    1.41960e+00    1.74377e+00    1.81738e+00    1.84731e+00    1.98953e+00    1.85440e+00    1.72151e+00    1.46960e+00    1.02590e+00    7.67499e-01    5.78386e-01    3.86142e-01    2.76017e-01    1.68692e-01    9.53905e-02    5.90610e-02    2.79152e-02    1.24223e-02    6.28056e-03    2.76045e-03    1.39290e-03    6.98966e-04    3.12572e-04    1.52773e-04    7.62300e-05    3.66441e-05    2.11883e-05    1.36127e-05    7.96209e-06    4.64230e-06    2.88749e-06    1.73163e-06    9.47714e-07    5.57333e-07    3.28711e-07    2.04232e-07    1.27332e-07    7.05596e-08    3.66145e-08    2.35814e-08    1.92752e-08    1.93084e-08    1.82061e-08    1.73002e-08    1.57390e-08    1.34294e-08    1.25397e-08    1.14221e-08    1.04812e-08    9.32825e-09    8.97565e-09    7.99663e-09    6.95110e-09    6.64950e-09    6.24620e-09    5.95999e-09    5.41718e-09    4.97911e-09    4.86585e-09    4.72315e-09    4.55298e-09    4.24520e-09    4.03333e-09    4.02398e-09    4.23655e-09    4.29262e-09    4.47125e-09    4.47878e-09    4.47133e-09
    1.18098e-03    2.84536e-03    6.00557e-03    1.57488e-02    3.78099e-02    6.54912e-02    1.44322e-01    2.60377e-01    3.86006e-01    7.03211e-01    1.10835e+00    1.39991e+00    1.75323e+00    1.82806e+00    1.85488e+00    1.98447e+00    1.86225e+00    1.74144e+00    1.46828e+00    1.00782e+00    7.62598e-01    5.67498e-01    3.88191e-01    2.74181e-01    1.71322e-01    9.43153e-02    5.86201e-02    2.75820e-02    1.22742e-02    6.25134e-03    2.75149e-03    1.40094e-03    6.99784e-04    3.13580e-04    1.56416e-04    7.63547e-05    3.67041e-05    2.12230e-05    1.36350e-05    7.97512e-06    4.64990e-06    2.89221e-06    1.73447e-06    9.49265e-07    5.58245e-07    3.29249e-07    2.04566e-07    1.27540e-07    7.06750e-08    3.66744e-08    2.36200e-08    1.93067e-08    1.93400e-08    1.82359e-08    1.73285e-08    1.57647e-08    1.34514e-08    1.25602e-08    1.14408e-08    1.04984e-08    9.34351e-09    8.99034e-09    8.00971e-09    6.96247e-09    6.66038e-09    6.25642e-09    5.96975e-09    5.42605e-09    4.98726e-09    4.87381e-09    4.73088e-09    4.56043e-09    4.25215e-09    4.03993e-09    4.03057e-09    4.24348e-09    4.29964e-09    4.47857e-09    4.48611e-09    4.47864e-09
    1.17106e-03    2.85716e-03    6.15062e-03    1.59340e-02    3.90320e-02    6.56453e-02    1.40993e-01    2.56652e-01    3.87585e-01    6.97939e-01    1.11004e+00    1.41413e+00    1.76909e+00    1.82083e+00    1.85608e+00    1.98917e+00    1.85944e+00    1.74195e+00    1.47307e+00    1.00434e+00    7.62163e-01    5.76981e-01    3.72100e-01    2.66854e-01    1.66164e-01    9.36019e-02    5.86623e-02    2.72054e-02    1.23820e-02    6.26606e-03    2.77336e-03    1.41030e-03    6.99550e-04    3.15809e-04    1.56364e-04    7.60460e-05    3.66917e-05    2.12159e-05    1.36304e-05    7.97245e-06    4.64834e-06    2.89124e-06    1.73388e-06    9.48947e-07    5.58058e-07    3.29139e-07    2.04498e-07    1.27498e-07    7.06513e-08    3.66621e-08    2.36121e-08    1.93003e-08    1.93335e-08    1.82298e-08    1.73227e-08    1.57594e-08    1.34469e-08    1.25560e-08    1.14370e-08    1.04949e-08    9.34038e-09    8.98733e-09    8.00703e-09    6.96014e-09    6.65815e-09    6.25432e-09    5.96774e-09    5.42423e-09    4.98559e-09    4.87218e-09    4.72930e-09    4.55890e-09    4.25072e-09    4.03858e-09    4.02922e-09    4.24206e-09    4.29820e-09    4.47707e-09    4.48461e-09    4.47714e-09
