# window_id x0 y0 force_constant
w000 -3.01069 -3.01069 200
w004 -3.01069 -1.9635 200
w008 -3.01069 -0.916298 200
w012 -3.01069 0.1309 200
w016 -3.01069 1.1781 200
w020 -3.01069 2.22529 200
w050 -2.48709 -2.48709 200
w054 -2.48709 -1.4399 200
w058 -2.48709 -0.392699 200
w062 -2.48709 0.654498 200
w066 -2.48709 1.7017 200
w070 -2.48709 2.74889 200
w096 -1.9635 -3.01069 200
w100 -1.9635 -1.9635 200
w104 -1.9635 -0.916298 200
w108 -1.9635 0.1309 200
w112 -1.9635 1.1781 200
w116 -1.9635 2.22529 200
w146 -1.4399 -2.48709 200
w150 -1.4399 -1.4399 200
w154 -1.4399 -0.392699 200
w158 -1.4399 0.654498 200
w162 -1.4399 1.7017 200
w166 -1.4399 2.74889 200
w192 -0.916298 -3.01069 200
w196 -0.916298 -1.9635 200
w200 -0.916298 -0.916298 200
w204 -0.916298 0.1309 200
w208 -0.916298 1.1781 200
w212 -0.916298 2.22529 200
w242 -0.392699 -2.48709 200
w246 -0.392699 -1.4399 200
w250 -0.392699 -0.392699 200
w254 -0.392699 0.654498 200
w258 -0.392699 1.7017 200
w262 -0.392699 2.74889 200
w288 0.1309 -3.01069 200
w292 0.1309 -1.9635 200
w296 0.1309 -0.916298 200
w300 0.1309 0.1309 200
w304 0.1309 1.1781 200
w308 0.1309 2.22529 200
w338 0.654498 -2.48709 200
w342 0.654498 -1.4399 200
w346 0.654498 -0.392699 200
w350 0.654498 0.654498 200
w354 0.654498 1.7017 200
w358 0.654498 2.74889 200
w384 1.1781 -3.01069 200
w388 1.1781 -1.9635 200
w392 1.1781 -0.916298 200
w396 1.1781 0.1309 200
w400 1.1781 1.1781 200
w404 1.1781 2.22529 200
w434 1.7017 -2.48709 200
w438 1.7017 -1.4399 200
w442 1.7017 -0.392699 200
w446 1.7017 0.654498 200
w450 1.7017 1.7017 200
w454 1.7017 2.74889 200
w480 2.22529 -3.01069 200
w484 2.22529 -1.9635 200
w488 2.22529 -0.916298 200
w492 2.22529 0.1309 200
w496 2.22529 1.1781 200
w500 2.22529 2.22529 200
w530 2.74889 -2.48709 200
w534 2.74889 -1.4399 200
w538 2.74889 -0.392699 200
w542 2.74889 0.654498 200
w546 2.74889 1.7017 200
w550 2.74889 2.74889 200
