# window_id x0 y0 force_constant
w000 -3.01069 -3.01069 200
w004 -3.01069 -1.9635 200
w008 -3.01069 -0.916298 200
w012 -3.01069 0.1309 200
w016 -3.01069 1.1781 200
w020 -3.01069 2.22529 200
w096 -1.9635 -3.01069 200
w100 -1.9635 -1.9635 200
w104 -1.9635 -0.916298 200
w108 -1.9635 0.1309 200
w112 -1.9635 1.1781 200
w116 -1.9635 2.22529 200
w192 -0.916298 -3.01069 200
w196 -0.916298 -1.9635 200
w200 -0.916298 -0.916298 200
w204 -0.916298 0.1309 200
w208 -0.916298 1.1781 200
w212 -0.916298 2.22529 200
w288 0.1309 -3.01069 200
w292 0.1309 -1.9635 200
w296 0.1309 -0.916298 200
w300 0.1309 0.1309 200
w304 0.1309 1.1781 200
w308 0.1309 2.22529 200
w384 1.1781 -3.01069 200
w388 1.1781 -1.9635 200
w392 1.1781 -0.916298 200
w396 1.1781 0.1309 200
w400 1.1781 1.1781 200
w404 1.1781 2.22529 200
w480 2.22529 -3.01069 200
w484 2.22529 -1.9635 200
w488 2.22529 -0.916298 200
w492 2.22529 0.1309 200
w496 2.22529 1.1781 200
w500 2.22529 2.22529 200
