# window_id x0 y0 force_constant
w000 -3.01069 -3.01069 200
w001 -3.01069 -2.74889 200
w002 -3.01069 -2.48709 200
w003 -3.01069 -2.22529 200
w004 -3.01069 -1.9635 200
w005 -3.01069 -1.7017 200
w006 -3.01069 -1.4399 200
w007 -3.01069 -1.1781 200
w008 -3.01069 -0.916298 200
w009 -3.01069 -0.654498 200
w010 -3.01069 -0.392699 200
w011 -3.01069 -0.1309 200
w012 -3.01069 0.1309 200
w013 -3.01069 0.392699 200
w014 -3.01069 0.654498 200
w015 -3.01069 0.916298 200
w016 -3.01069 1.1781 200
w017 -3.01069 1.4399 200
w018 -3.01069 1.7017 200
w019 -3.01069 1.9635 200
w020 -3.01069 2.22529 200
w021 -3.01069 2.48709 200
w022 -3.01069 2.74889 200
w023 -3.01069 3.01069 200
w024 -2.74889 -3.01069 200
w025 -2.74889 -2.74889 200
w026 -2.74889 -2.48709 200
w027 -2.74889 -2.22529 200
w028 -2.74889 -1.9635 200
w029 -2.74889 -1.7017 200
w030 -2.74889 -1.4399 200
w031 -2.74889 -1.1781 200
w032 -2.74889 -0.916298 200
w033 -2.74889 -0.654498 200
w034 -2.74889 -0.392699 200
w035 -2.74889 -0.1309 200
w036 -2.74889 0.1309 200
w037 -2.74889 0.392699 200
w038 -2.74889 0.654498 200
w039 -2.74889 0.916298 200
w040 -2.74889 1.1781 200
w041 -2.74889 1.4399 200
w042 -2.74889 1.7017 200
w043 -2.74889 1.9635 200
w044 -2.74889 2.22529 200
w045 -2.74889 2.48709 200
w046 -2.74889 2.74889 200
w047 -2.74889 3.01069 200
w048 -2.48709 -3.01069 200
w049 -2.48709 -2.74889 200
w050 -2.48709 -2.48709 200
w051 -2.48709 -2.22529 200
w052 -2.48709 -1.9635 200
w053 -2.48709 -1.7017 200
w054 -2.48709 -1.4399 200
w055 -2.48709 -1.1781 200
w056 -2.48709 -0.916298 200
w057 -2.48709 -0.654498 200
w058 -2.48709 -0.392699 200
w059 -2.48709 -0.1309 200
w060 -2.48709 0.1309 200
w061 -2.48709 0.392699 200
w062 -2.48709 0.654498 200
w063 -2.48709 0.916298 200
w064 -2.48709 1.1781 200
w065 -2.48709 1.4399 200
w066 -2.48709 1.7017 200
w067 -2.48709 1.9635 200
w068 -2.48709 2.22529 200
w069 -2.48709 2.48709 200
w070 -2.48709 2.74889 200
w071 -2.48709 3.01069 200
w072 -2.22529 -3.01069 200
w073 -2.22529 -2.74889 200
w074 -2.22529 -2.48709 200
w075 -2.22529 -2.22529 200
w076 -2.22529 -1.9635 200
w077 -2.22529 -1.7017 200
w078 -2.22529 -1.4399 200
w079 -2.22529 -1.1781 200
w080 -2.22529 -0.916298 200
w081 -2.22529 -0.654498 200
w082 -2.22529 -0.392699 200
w083 -2.22529 -0.1309 200
w084 -2.22529 0.1309 200
w085 -2.22529 0.392699 200
w086 -2.22529 0.654498 200
w087 -2.22529 0.916298 200
w088 -2.22529 1.1781 200
w089 -2.22529 1.4399 200
w090 -2.22529 1.7017 200
w091 -2.22529 1.9635 200
w092 -2.22529 2.22529 200
w093 -2.22529 2.48709 200
w094 -2.22529 2.74889 200
w095 -2.22529 3.01069 200
w096 -1.9635 -3.01069 200
w097 -1.9635 -2.74889 200
w098 -1.9635 -2.48709 200
w099 -1.9635 -2.22529 200
w100 -1.9635 -1.9635 200
w101 -1.9635 -1.7017 200
w102 -1.9635 -1.4399 200
w103 -1.9635 -1.1781 200
w104 -1.9635 -0.916298 200
w105 -1.9635 -0.654498 200
w106 -1.9635 -0.392699 200
w107 -1.9635 -0.1309 200
w108 -1.9635 0.1309 200
w109 -1.9635 0.392699 200
w110 -1.9635 0.654498 200
w111 -1.9635 0.916298 200
w112 -1.9635 1.1781 200
w113 -1.9635 1.4399 200
w114 -1.9635 1.7017 200
w115 -1.9635 1.9635 200
w116 -1.9635 2.22529 200
w117 -1.9635 2.48709 200
w118 -1.9635 2.74889 200
w119 -1.9635 3.01069 200
w120 -1.7017 -3.01069 200
w121 -1.7017 -2.74889 200
w122 -1.7017 -2.48709 200
w123 -1.7017 -2.22529 200
w124 -1.7017 -1.9635 200
w125 -1.7017 -1.7017 200
w126 -1.7017 -1.4399 200
w127 -1.7017 -1.1781 200
w128 -1.7017 -0.916298 200
w129 -1.7017 -0.654498 200
w130 -1.7017 -0.392699 200
w131 -1.7017 -0.1309 200
w132 -1.7017 0.1309 200
w133 -1.7017 0.392699 200
w134 -1.7017 0.654498 200
w135 -1.7017 0.916298 200
w136 -1.7017 1.1781 200
w137 -1.7017 1.4399 200
w138 -1.7017 1.7017 200
w139 -1.7017 1.9635 200
w140 -1.7017 2.22529 200
w141 -1.7017 2.48709 200
w142 -1.7017 2.74889 200
w143 -1.7017 3.01069 200
w144 -1.4399 -3.01069 200
w145 -1.4399 -2.74889 200
w146 -1.4399 -2.48709 200
w147 -1.4399 -2.22529 200
w148 -1.4399 -1.9635 200
w149 -1.4399 -1.7017 200
w150 -1.4399 -1.4399 200
w151 -1.4399 -1.1781 200
w152 -1.4399 -0.916298 200
w153 -1.4399 -0.654498 200
w154 -1.4399 -0.392699 200
w155 -1.4399 -0.1309 200
w156 -1.4399 0.1309 200
w157 -1.4399 0.392699 200
w158 -1.4399 0.654498 200
w159 -1.4399 0.916298 200
w160 -1.4399 1.1781 200
w161 -1.4399 1.4399 200
w162 -1.4399 1.7017 200
w163 -1.4399 1.9635 200
w164 -1.4399 2.22529 200
w165 -1.4399 2.48709 200
w166 -1.4399 2.74889 200
w167 -1.4399 3.01069 200
w168 -1.1781 -3.01069 200
w169 -1.1781 -2.74889 200
w170 -1.1781 -2.48709 200
w171 -1.1781 -2.22529 200
w172 -1.1781 -1.9635 200
w173 -1.1781 -1.7017 200
w174 -1.1781 -1.4399 200
w175 -1.1781 -1.1781 200
w176 -1.1781 -0.916298 200
w177 -1.1781 -0.654498 200
w178 -1.1781 -0.392699 200
w179 -1.1781 -0.1309 200
w180 -1.1781 0.1309 200
w181 -1.1781 0.392699 200
w182 -1.1781 0.654498 200
w183 -1.1781 0.916298 200
w184 -1.1781 1.1781 200
w185 -1.1781 1.4399 200
w186 -1.1781 1.7017 200
w187 -1.1781 1.9635 200
w188 -1.1781 2.22529 200
w189 -1.1781 2.48709 200
w190 -1.1781 2.74889 200
w191 -1.1781 3.01069 200
w192 -0.916298 -3.01069 200
w193 -0.916298 -2.74889 200
w194 -0.916298 -2.48709 200
w195 -0.916298 -2.22529 200
w196 -0.916298 -1.9635 200
w197 -0.916298 -1.7017 200
w198 -0.916298 -1.4399 200
w199 -0.916298 -1.1781 200
w200 -0.916298 -0.916298 200
w201 -0.916298 -0.654498 200
w202 -0.916298 -0.392699 200
w203 -0.916298 -0.1309 200
w204 -0.916298 0.1309 200
w205 -0.916298 0.392699 200
w206 -0.916298 0.654498 200
w207 -0.916298 0.916298 200
w208 -0.916298 1.1781 200
w209 -0.916298 1.4399 200
w210 -0.916298 1.7017 200
w211 -0.916298 1.9635 200
w212 -0.916298 2.22529 200
w213 -0.916298 2.48709 200
w214 -0.916298 2.74889 200
w215 -0.916298 3.01069 200
w216 -0.654498 -3.01069 200
w217 -0.654498 -2.74889 200
w218 -0.654498 -2.48709 200
w219 -0.654498 -2.22529 200
w220 -0.654498 -1.9635 200
w221 -0.654498 -1.7017 200
w222 -0.654498 -1.4399 200
w223 -0.654498 -1.1781 200
w224 -0.654498 -0.916298 200
w225 -0.654498 -0.654498 200
w226 -0.654498 -0.392699 200
w227 -0.654498 -0.1309 200
w228 -0.654498 0.1309 200
w229 -0.654498 0.392699 200
w230 -0.654498 0.654498 200
w231 -0.654498 0.916298 200
w232 -0.654498 1.1781 200
w233 -0.654498 1.4399 200
w234 -0.654498 1.7017 200
w235 -0.654498 1.9635 200
w236 -0.654498 2.22529 200
w237 -0.654498 2.48709 200
w238 -0.654498 2.74889 200
w239 -0.654498 3.01069 200
w240 -0.392699 -3.01069 200
w241 -0.392699 -2.74889 200
w242 -0.392699 -2.48709 200
w243 -0.392699 -2.22529 200
w244 -0.392699 -1.9635 200
w245 -0.392699 -1.7017 200
w246 -0.392699 -1.4399 200
w247 -0.392699 -1.1781 200
w248 -0.392699 -0.916298 200
w249 -0.392699 -0.654498 200
w250 -0.392699 -0.392699 200
w251 -0.392699 -0.1309 200
w252 -0.392699 0.1309 200
w253 -0.392699 0.392699 200
w254 -0.392699 0.654498 200
w255 -0.392699 0.916298 200
w256 -0.392699 1.1781 200
w257 -0.392699 1.4399 200
w258 -0.392699 1.7017 200
w259 -0.392699 1.9635 200
w260 -0.392699 2.22529 200
w261 -0.392699 2.48709 200
w262 -0.392699 2.74889 200
w263 -0.392699 3.01069 200
w264 -0.1309 -3.01069 200
w265 -0.1309 -2.74889 200
w266 -0.1309 -2.48709 200
w267 -0.1309 -2.22529 200
w268 -0.1309 -1.9635 200
w269 -0.1309 -1.7017 200
w270 -0.1309 -1.4399 200
w271 -0.1309 -1.1781 200
w272 -0.1309 -0.916298 200
w273 -0.1309 -0.654498 200
w274 -0.1309 -0.392699 200
w275 -0.1309 -0.1309 200
w276 -0.1309 0.1309 200
w277 -0.1309 0.392699 200
w278 -0.1309 0.654498 200
w279 -0.1309 0.916298 200
w280 -0.1309 1.1781 200
w281 -0.1309 1.4399 200
w282 -0.1309 1.7017 200
w283 -0.1309 1.9635 200
w284 -0.1309 2.22529 200
w285 -0.1309 2.48709 200
w286 -0.1309 2.74889 200
w287 -0.1309 3.01069 200
w288 0.1309 -3.01069 200
w289 0.1309 -2.74889 200
w290 0.1309 -2.48709 200
w291 0.1309 -2.22529 200
w292 0.1309 -1.9635 200
w293 0.1309 -1.7017 200
w294 0.1309 -1.4399 200
w295 0.1309 -1.1781 200
w296 0.1309 -0.916298 200
w297 0.1309 -0.654498 200
w298 0.1309 -0.392699 200
w299 0.1309 -0.1309 200
w300 0.1309 0.1309 200
w301 0.1309 0.392699 200
w302 0.1309 0.654498 200
w303 0.1309 0.916298 200
w304 0.1309 1.1781 200
w305 0.1309 1.4399 200
w306 0.1309 1.7017 200
w307 0.1309 1.9635 200
w308 0.1309 2.22529 200
w309 0.1309 2.48709 200
w310 0.1309 2.74889 200
w311 0.1309 3.01069 200
w312 0.392699 -3.01069 200
w313 0.392699 -2.74889 200
w314 0.392699 -2.48709 200
w315 0.392699 -2.22529 200
w316 0.392699 -1.9635 200
w317 0.392699 -1.7017 200
w318 0.392699 -1.4399 200
w319 0.392699 -1.1781 200
w320 0.392699 -0.916298 200
w321 0.392699 -0.654498 200
w322 0.392699 -0.392699 200
w323 0.392699 -0.1309 200
w324 0.392699 0.1309 200
w325 0.392699 0.392699 200
w326 0.392699 0.654498 200
w327 0.392699 0.916298 200
w328 0.392699 1.1781 200
w329 0.392699 1.4399 200
w330 0.392699 1.7017 200
w331 0.392699 1.9635 200
w332 0.392699 2.22529 200
w333 0.392699 2.48709 200
w334 0.392699 2.74889 200
w335 0.392699 3.01069 200
w336 0.654498 -3.01069 200
w337 0.654498 -2.74889 200
w338 0.654498 -2.48709 200
w339 0.654498 -2.22529 200
w340 0.654498 -1.9635 200
w341 0.654498 -1.7017 200
w342 0.654498 -1.4399 200
w343 0.654498 -1.1781 200
w344 0.654498 -0.916298 200
w345 0.654498 -0.654498 200
w346 0.654498 -0.392699 200
w347 0.654498 -0.1309 200
w348 0.654498 0.1309 200
w349 0.654498 0.392699 200
w350 0.654498 0.654498 200
w351 0.654498 0.916298 200
w352 0.654498 1.1781 200
w353 0.654498 1.4399 200
w354 0.654498 1.7017 200
w355 0.654498 1.9635 200
w356 0.654498 2.22529 200
w357 0.654498 2.48709 200
w358 0.654498 2.74889 200
w359 0.654498 3.01069 200
w360 0.916298 -3.01069 200
w361 0.916298 -2.74889 200
w362 0.916298 -2.48709 200
w363 0.916298 -2.22529 200
w364 0.916298 -1.9635 200
w365 0.916298 -1.7017 200
w366 0.916298 -1.4399 200
w367 0.916298 -1.1781 200
w368 0.916298 -0.916298 200
w369 0.916298 -0.654498 200
w370 0.916298 -0.392699 200
w371 0.916298 -0.1309 200
w372 0.916298 0.1309 200
w373 0.916298 0.392699 200
w374 0.916298 0.654498 200
w375 0.916298 0.916298 200
w376 0.916298 1.1781 200
w377 0.916298 1.4399 200
w378 0.916298 1.7017 200
w379 0.916298 1.9635 200
w380 0.916298 2.22529 200
w381 0.916298 2.48709 200
w382 0.916298 2.74889 200
w383 0.916298 3.01069 200
w384 1.1781 -3.01069 200
w385 1.1781 -2.74889 200
w386 1.1781 -2.48709 200
w387 1.1781 -2.22529 200
w388 1.1781 -1.9635 200
w389 1.1781 -1.7017 200
w390 1.1781 -1.4399 200
w391 1.1781 -1.1781 200
w392 1.1781 -0.916298 200
w393 1.1781 -0.654498 200
w394 1.1781 -0.392699 200
w395 1.1781 -0.1309 200
w396 1.1781 0.1309 200
w397 1.1781 0.392699 200
w398 1.1781 0.654498 200
w399 1.1781 0.916298 200
w400 1.1781 1.1781 200
w401 1.1781 1.4399 200
w402 1.1781 1.7017 200
w403 1.1781 1.9635 200
w404 1.1781 2.22529 200
w405 1.1781 2.48709 200
w406 1.1781 2.74889 200
w407 1.1781 3.01069 200
w408 1.4399 -3.01069 200
w409 1.4399 -2.74889 200
w410 1.4399 -2.48709 200
w411 1.4399 -2.22529 200
w412 1.4399 -1.9635 200
w413 1.4399 -1.7017 200
w414 1.4399 -1.4399 200
w415 1.4399 -1.1781 200
w416 1.4399 -0.916298 200
w417 1.4399 -0.654498 200
w418 1.4399 -0.392699 200
w419 1.4399 -0.1309 200
w420 1.4399 0.1309 200
w421 1.4399 0.392699 200
w422 1.4399 0.654498 200
w423 1.4399 0.916298 200
w424 1.4399 1.1781 200
w425 1.4399 1.4399 200
w426 1.4399 1.7017 200
w427 1.4399 1.9635 200
w428 1.4399 2.22529 200
w429 1.4399 2.48709 200
w430 1.4399 2.74889 200
w431 1.4399 3.01069 200
w432 1.7017 -3.01069 200
w433 1.7017 -2.74889 200
w434 1.7017 -2.48709 200
w435 1.7017 -2.22529 200
w436 1.7017 -1.9635 200
w437 1.7017 -1.7017 200
w438 1.7017 -1.4399 200
w439 1.7017 -1.1781 200
w440 1.7017 -0.916298 200
w441 1.7017 -0.654498 200
w442 1.7017 -0.392699 200
w443 1.7017 -0.1309 200
w444 1.7017 0.1309 200
w445 1.7017 0.392699 200
w446 1.7017 0.654498 200
w447 1.7017 0.916298 200
w448 1.7017 1.1781 200
w449 1.7017 1.4399 200
w450 1.7017 1.7017 200
w451 1.7017 1.9635 200
w452 1.7017 2.22529 200
w453 1.7017 2.48709 200
w454 1.7017 2.74889 200
w455 1.7017 3.01069 200
w456 1.9635 -3.01069 200
w457 1.9635 -2.74889 200
w458 1.9635 -2.48709 200
w459 1.9635 -2.22529 200
w460 1.9635 -1.9635 200
w461 1.9635 -1.7017 200
w462 1.9635 -1.4399 200
w463 1.9635 -1.1781 200
w464 1.9635 -0.916298 200
w465 1.9635 -0.654498 200
w466 1.9635 -0.392699 200
w467 1.9635 -0.1309 200
w468 1.9635 0.1309 200
w469 1.9635 0.392699 200
w470 1.9635 0.654498 200
w471 1.9635 0.916298 200
w472 1.9635 1.1781 200
w473 1.9635 1.4399 200
w474 1.9635 1.7017 200
w475 1.9635 1.9635 200
w476 1.9635 2.22529 200
w477 1.9635 2.48709 200
w478 1.9635 2.74889 200
w479 1.9635 3.01069 200
w480 2.22529 -3.01069 200
w481 2.22529 -2.74889 200
w482 2.22529 -2.48709 200
w483 2.22529 -2.22529 200
w484 2.22529 -1.9635 200
w485 2.22529 -1.7017 200
w486 2.22529 -1.4399 200
w487 2.22529 -1.1781 200
w488 2.22529 -0.916298 200
w489 2.22529 -0.654498 200
w490 2.22529 -0.392699 200
w491 2.22529 -0.1309 200
w492 2.22529 0.1309 200
w493 2.22529 0.392699 200
w494 2.22529 0.654498 200
w495 2.22529 0.916298 200
w496 2.22529 1.1781 200
w497 2.22529 1.4399 200
w498 2.22529 1.7017 200
w499 2.22529 1.9635 200
w500 2.22529 2.22529 200
w501 2.22529 2.48709 200
w502 2.22529 2.74889 200
w503 2.22529 3.01069 200
w504 2.48709 -3.01069 200
w505 2.48709 -2.74889 200
w506 2.48709 -2.48709 200
w507 2.48709 -2.22529 200
w508 2.48709 -1.9635 200
w509 2.48709 -1.7017 200
w510 2.48709 -1.4399 200
w511 2.48709 -1.1781 200
w512 2.48709 -0.916298 200
w513 2.48709 -0.654498 200
w514 2.48709 -0.392699 200
w515 2.48709 -0.1309 200
w516 2.48709 0.1309 200
w517 2.48709 0.392699 200
w518 2.48709 0.654498 200
w519 2.48709 0.916298 200
w520 2.48709 1.1781 200
w521 2.48709 1.4399 200
w522 2.48709 1.7017 200
w523 2.48709 1.9635 200
w524 2.48709 2.22529 200
w525 2.48709 2.48709 200
w526 2.48709 2.74889 200
w527 2.48709 3.01069 200
w528 2.74889 -3.01069 200
w529 2.74889 -2.74889 200
w530 2.74889 -2.48709 200
w531 2.74889 -2.22529 200
w532 2.74889 -1.9635 200
w533 2.74889 -1.7017 200
w534 2.74889 -1.4399 200
w535 2.74889 -1.1781 200
w536 2.74889 -0.916298 200
w537 2.74889 -0.654498 200
w538 2.74889 -0.392699 200
w539 2.74889 -0.1309 200
w540 2.74889 0.1309 200
w541 2.74889 0.392699 200
w542 2.74889 0.654498 200
w543 2.74889 0.916298 200
w544 2.74889 1.1781 200
w545 2.74889 1.4399 200
w546 2.74889 1.7017 200
w547 2.74889 1.9635 200
w548 2.74889 2.22529 200
w549 2.74889 2.48709 200
w550 2.74889 2.74889 200
w551 2.74889 3.01069 200
w552 3.01069 -3.01069 200
w553 3.01069 -2.74889 200
w554 3.01069 -2.48709 200
w555 3.01069 -2.22529 200
w556 3.01069 -1.9635 200
w557 3.01069 -1.7017 200
w558 3.01069 -1.4399 200
w559 3.01069 -1.1781 200
w560 3.01069 -0.916298 200
w561 3.01069 -0.654498 200
w562 3.01069 -0.392699 200
w563 3.01069 -0.1309 200
w564 3.01069 0.1309 200
w565 3.01069 0.392699 200
w566 3.01069 0.654498 200
w567 3.01069 0.916298 200
w568 3.01069 1.1781 200
w569 3.01069 1.4399 200
w570 3.01069 1.7017 200
w571 3.01069 1.9635 200
w572 3.01069 2.22529 200
w573 3.01069 2.48709 200
w574 3.01069 2.74889 200
w575 3.01069 3.01069 200
