   -3.84385e+00   -4.73030e+00   -5.47780e+00   -6.44581e+00   -7.32112e+00   -7.85882e+00   -8.63793e+00   -9.22215e+00   -9.62448e+00   -1.02153e+01   -1.06923e+01   -1.09343e+01   -1.11573e+01   -1.11914e+01   -1.12080e+01   -1.12992e+01   -1.12310e+01   -1.11498e+01   -1.10040e+01   -1.06239e+01   -1.03322e+01   -1.00589e+01   -9.64314e+00   -9.29190e+00   -8.79973e+00   -8.23796e+00   -7.77752e+00   -7.02611e+00   -6.22096e+00   -5.54301e+00   -4.72529e+00   -4.04295e+00   -3.34327e+00   -2.51707e+00   -1.82381e+00   -1.10632e+00   -3.90280e-01    1.57521e-01    5.99966e-01    1.13628e+00    1.67576e+00    2.15058e+00    2.66191e+00    3.26467e+00    3.79556e+00    4.32355e+00    4.79947e+00    5.27193e+00    5.86227e+00    6.51828e+00    6.95827e+00    7.15991e+00    7.15819e+00    7.21697e+00    7.26801e+00    7.36259e+00    7.52128e+00    7.58983e+00    7.68317e+00    7.76914e+00    7.88568e+00    7.92421e+00    8.03971e+00    8.17983e+00    8.22419e+00    8.28675e+00    8.33366e+00    8.42915e+00    8.51347e+00    8.53649e+00    8.56625e+00    8.60295e+00    8.67294e+00    8.72413e+00    8.72645e+00    8.67498e+00    8.66183e+00    8.62106e+00    8.61938e+00    8.62104e+00
   -3.83649e+00   -4.73013e+00   -5.47414e+00   -6.43897e+00   -7.32640e+00   -7.84687e+00   -8.64330e+00   -9.23082e+00   -9.62912e+00   -1.02109e+01   -1.06921e+01   -1.09310e+01   -1.11558e+01   -1.11909e+01   -1.12102e+01   -1.12997e+01   -1.12298e+01   -1.11504e+01   -1.10006e+01   -1.06201e+01   -1.03406e+01   -1.00709e+01   -9.64810e+00   -9.31846e+00   -8.83429e+00   -8.24333e+00   -7.75654e+00   -7.00590e+00   -6.19489e+00   -5.52196e+00   -4.71007e+00   -4.03650e+00   -3.34215e+00   -2.51792e+00   -1.82467e+00   -1.10717e+00   -3.91138e-01    1.56664e-01    5.99108e-01    1.13542e+00    1.67490e+00    2.14973e+00    2.66105e+00    3.26382e+00    3.79471e+00    4.32269e+00    4.79861e+00    5.27107e+00    5.86141e+00    6.51742e+00    6.95741e+00    7.15905e+00    7.15733e+00    7.21611e+00    7.26715e+00    7.36173e+00    7.52042e+00    7.58897e+00    7.68232e+00    7.76828e+00    7.88482e+00    7.92335e+00    8.03885e+00    8.17897e+00    8.22333e+00    8.28590e+00    8.33280e+00    8.42829e+00    8.51262e+00    8.53563e+00    8.56539e+00    8.60209e+00    8.67208e+00    8.72328e+00    8.72560e+00    8.67412e+00    8.66097e+00    8.62020e+00    8.61852e+00    8.62018e+00
   -3.83532e+00   -4.72320e+00   -5.48020e+00   -6.42594e+00   -7.30565e+00   -7.86123e+00   -8.64171e+00   -9.23318e+00   -9.62864e+00   -1.02107e+01   -1.06932e+01   -1.09326e+01   -1.11534e+01   -1.11915e+01   -1.12094e+01   -1.12958e+01   -1.12287e+01   -1.11470e+01   -1.09980e+01   -1.06203e+01   -1.03390e+01   -1.00716e+01   -9.66012e+00   -9.32335e+00   -8.84027e+00   -8.27285e+00   -7.77439e+00   -7.03048e+00   -6.21877e+00   -5.52422e+00   -4.71330e+00   -4.01302e+00   -3.32928e+00   -2.51649e+00   -1.82351e+00   -1.11098e+00   -3.89977e-01    1.62721e-01    6.00269e-01    1.13658e+00    1.67607e+00    2.15089e+00    2.66221e+00    3.26498e+00    3.79587e+00    4.32385e+00    4.79977e+00    5.27223e+00    5.86257e+00    6.51859e+00    6.95857e+00    7.16021e+00    7.15849e+00    7.21727e+00    7.26831e+00    7.36289e+00    7.52158e+00    7.59013e+00    7.68348e+00    7.76944e+00    7.88598e+00    7.92452e+00    8.04001e+00    8.18013e+00    8.22449e+00    8.28706e+00    8.33396e+00    8.42946e+00    8.51378e+00    8.53679e+00    8.56655e+00    8.60325e+00    8.67324e+00    8.72444e+00    8.72676e+00    8.67528e+00    8.66213e+00    8.62136e+00    8.61968e+00    8.62135e+00
   -3.83960e+00   -4.73394e+00   -5.47790e+00   -6.42795e+00   -7.31400e+00   -7.82523e+00   -8.62668e+00   -9.22184e+00   -9.62399e+00   -1.02214e+01   -1.06913e+01   -1.09362e+01   -1.11547e+01   -1.11906e+01   -1.12071e+01   -1.12958e+01   -1.12275e+01   -1.11474e+01   -1.09931e+01   -1.06190e+01   -1.03345e+01   -1.00708e+01   -9.65336e+00   -9.32152e+00   -8.85139e+00   -8.26627e+00   -7.77594e+00   -7.02465e+00   -6.21886e+00   -5.53331e+00   -4.71622e+00   -4.03168e+00   -3.33511e+00   -2.53247e+00   -1.82361e+00   -1.11108e+00   -3.86540e-01    1.62615e-01    6.00163e-01    1.13648e+00    1.67596e+00    2.15078e+00    2.66210e+00    3.26487e+00    3.79576e+00    4.32374e+00    4.79967e+00    5.27213e+00    5.86247e+00    6.51848e+00    6.95847e+00    7.16010e+00    7.15838e+00    7.21717e+00    7.26821e+00    7.36279e+00    7.52148e+00    7.59002e+00    7.68337e+00    7.76934e+00    7.88588e+00    7.92441e+00    8.03990e+00    8.18002e+00    8.22438e+00    8.28695e+00    8.33385e+00    8.42935e+00    8.51367e+00    8.53668e+00    8.56645e+00    8.60314e+00    8.67314e+00    8.72433e+00    8.72665e+00    8.67517e+00    8.66203e+00    8.62126e+00    8.61957e+00    8.62124e+00
   -3.85693e+00   -4.75575e+00   -5.48934e+00   -6.44978e+00   -7.32118e+00   -7.86717e+00   -8.64544e+00   -9.22452e+00   -9.62804e+00   -1.02163e+01   -1.06905e+01   -1.09341e+01   -1.11531e+01   -1.11922e+01   -1.12080e+01   -1.12937e+01   -1.12245e+01   -1.11470e+01   -1.09936e+01   -1.06172e+01   -1.03341e+01   -1.00550e+01   -9.65114e+00   -9.32015e+00   -8.84835e+00   -8.26459e+00   -7.77554e+00   -7.03568e+00   -6.20361e+00   -5.51259e+00   -4.70656e+00   -4.04664e+00   -3.35415e+00   -2.52781e+00   -1.82151e+00   -1.10897e+00   -3.84433e-01    1.64722e-01    6.02270e-01    1.13858e+00    1.67807e+00    2.15289e+00    2.66421e+00    3.27293e+00    3.79787e+00    4.32585e+00    4.80177e+00    5.27423e+00    5.86457e+00    6.52059e+00    6.96057e+00    7.16221e+00    7.16049e+00    7.21927e+00    7.27031e+00    7.36489e+00    7.52358e+00    7.59213e+00    7.68548e+00    7.77144e+00    7.88798e+00    7.92652e+00    8.04201e+00    8.18213e+00    8.22649e+00    8.28906e+00    8.33596e+00    8.43146e+00    8.51578e+00    8.53879e+00    8.56855e+00    8.60525e+00    8.67524e+00    8.72644e+00    8.72876e+00    8.67728e+00    8.66413e+00    8.62336e+00    8.62168e+00    8.62335e+00
   -3.87607e+00   -4.76562e+00   -5.49959e+00   -6.45025e+00   -7.33238e+00   -7.85398e+00   -8.62165e+00   -9.21144e+00   -9.62930e+00   -1.02212e+01   -1.06920e+01   -1.09357e+01   -1.11532e+01   -1.11890e+01   -1.12061e+01   -1.12901e+01   -1.12248e+01   -1.11442e+01   -1.09855e+01   -1.06128e+01   -1.03450e+01   -1.00540e+01   -9.64597e+00   -9.31551e+00   -8.83704e+00   -8.24233e+00   -7.79086e+00   -7.03891e+00   -6.23023e+00   -5.53456e+00   -4.72753e+00   -4.05464e+00   -3.36321e+00   -2.53231e+00   -1.83298e+00   -1.10733e+00   -3.82790e-01    1.66365e-01    6.03913e-01    1.14023e+00    1.67971e+00    2.15453e+00    2.66585e+00    3.27457e+00    3.79951e+00    4.32749e+00    4.80342e+00    5.27588e+00    5.86622e+00    6.52223e+00    6.96222e+00    7.16385e+00    7.16213e+00    7.22092e+00    7.27196e+00    7.36654e+00    7.52523e+00    7.59377e+00    7.68712e+00    7.77309e+00    7.88963e+00    7.92816e+00    8.04365e+00    8.18377e+00    8.22813e+00    8.29070e+00    8.33760e+00    8.43310e+00    8.51742e+00    8.54043e+00    8.57020e+00    8.60689e+00    8.67689e+00    8.72808e+00    8.73040e+00    8.67892e+00    8.66578e+00    8.62501e+00    8.62332e+00    8.62499e+00
   -3.85369e+00   -4.73945e+00   -5.48657e+00   -6.43786e+00   -7.31894e+00   -7.84632e+00   -8.64275e+00   -9.21528e+00   -9.62697e+00   -1.02258e+01   -1.06962e+01   -1.09367e+01   -1.11551e+01   -1.11917e+01   -1.12088e+01   -1.12938e+01   -1.12254e+01   -1.11493e+01   -1.09881e+01   -1.06236e+01   -1.03455e+01   -1.00505e+01   -9.65550e+00   -9.31489e+00   -8.81692e+00   -8.26520e+00   -7.77140e+00   -7.00929e+00   -6.21853e+00   -5.53371e+00   -4.71558e+00   -4.05103e+00   -3.35129e+00   -2.53130e+00   -1.83546e+00   -1.10981e+00   -3.85266e-01    1.63888e-01    6.01437e-01    1.13775e+00    1.67723e+00    2.15206e+00    2.66338e+00    3.27209e+00    3.79704e+00    4.32502e+00    4.80094e+00    5.27340e+00    5.86374e+00    6.51975e+00    6.95974e+00    7.16138e+00    7.15966e+00    7.21844e+00    7.26948e+00    7.36406e+00    7.52275e+00    7.59130e+00    7.68464e+00    7.77061e+00    7.88715e+00    7.92568e+00    8.04118e+00    8.18130e+00    8.22566e+00    8.28823e+00    8.33513e+00    8.43062e+00    8.51495e+00    8.53796e+00    8.56772e+00    8.60442e+00    8.67441e+00    8.72561e+00    8.72793e+00    8.67645e+00    8.66330e+00    8.62253e+00    8.62085e+00    8.62251e+00
   -3.83308e+00   -4.72540e+00   -5.48102e+00   -6.43180e+00   -7.30749e+00   -7.84682e+00   -8.62903e+00   -9.22296e+00   -9.62501e+00   -1.02257e+01   -1.06915e+01   -1.09402e+01   -1.11544e+01   -1.11935e+01   -1.12114e+01   -1.12929e+01   -1.12248e+01   -1.11463e+01   -1.09874e+01   -1.06214e+01   -1.03482e+01   -1.00585e+01   -9.65423e+00   -9.29830e+00   -8.82436e+00   -8.24821e+00   -7.76892e+00   -7.04357e+00   -6.23998e+00   -5.55435e+00   -4.74871e+00   -4.05047e+00   -3.35541e+00   -2.53073e+00   -1.83090e+00   -1.11620e+00   -3.84698e-01    1.64457e-01    6.02005e-01    1.13832e+00    1.67780e+00    2.15262e+00    2.66395e+00    3.27266e+00    3.79760e+00    4.32559e+00    4.80151e+00    5.27397e+00    5.86431e+00    6.52032e+00    6.96031e+00    7.16195e+00    7.16023e+00    7.21901e+00    7.27005e+00    7.36463e+00    7.52332e+00    7.59187e+00    7.68521e+00    7.77118e+00    7.88772e+00    7.92625e+00    8.04175e+00    8.18187e+00    8.22623e+00    8.28879e+00    8.33570e+00    8.43119e+00    8.51551e+00    8.53853e+00    8.56829e+00    8.60499e+00    8.67498e+00    8.72617e+00    8.72849e+00    8.67702e+00    8.66387e+00    8.62310e+00    8.62141e+00    8.62308e+00
   -3.85580e+00   -4.72088e+00   -5.48005e+00   -6.41737e+00   -7.29941e+00   -7.83981e+00   -8.64100e+00   -9.23160e+00   -9.61415e+00   -1.02323e+01   -1.06937e+01   -1.09349e+01   -1.11573e+01   -1.11985e+01   -1.12153e+01   -1.12916e+01   -1.12269e+01   -1.11528e+01   -1.09888e+01   -1.06227e+01   -1.03473e+01   -1.00524e+01   -9.65792e+00   -9.30820e+00   -8.83574e+00   -8.25103e+00   -7.75529e+00   -6.99743e+00   -6.20015e+00   -5.52587e+00   -4.72474e+00   -4.03657e+00   -3.33995e+00   -2.53352e+00   -1.83972e+00   -1.11852e+00   -4.02728e-01    1.55893e-01    5.99686e-01    1.13600e+00    1.67548e+00    2.15030e+00    2.66163e+00    3.27034e+00    3.79528e+00    4.32327e+00    4.79919e+00    5.27165e+00    5.86199e+00    6.51800e+00    6.95799e+00    7.15963e+00    7.15791e+00    7.21669e+00    7.26773e+00    7.36231e+00    7.52100e+00    7.58955e+00    7.68289e+00    7.76886e+00    7.88540e+00    7.92393e+00    8.03943e+00    8.17955e+00    8.22391e+00    8.28647e+00    8.33338e+00    8.42887e+00    8.51319e+00    8.53621e+00    8.56597e+00    8.60267e+00    8.67266e+00    8.72385e+00    8.72617e+00    8.67470e+00    8.66155e+00    8.62078e+00    8.61910e+00    8.62076e+00
   -3.85604e+00   -4.75424e+00   -5.49599e+00   -6.44237e+00   -7.32261e+00   -7.84137e+00   -8.63572e+00   -9.21492e+00   -9.61875e+00   -1.02346e+01   -1.06931e+01   -1.09380e+01   -1.11599e+01   -1.11976e+01   -1.12169e+01   -1.12899e+01   -1.12247e+01   -1.11532e+01   -1.09891e+01   -1.06181e+01   -1.03452e+01   -1.00637e+01   -9.65194e+00   -9.28635e+00   -8.81903e+00   -8.24325e+00   -7.77829e+00   -7.02162e+00   -6.19379e+00   -5.51235e+00   -4.71039e+00   -4.01963e+00   -3.33978e+00   -2.53327e+00   -1.82346e+00   -1.11111e+00   -4.02473e-01    1.56148e-01    5.99940e-01    1.13625e+00    1.67574e+00    2.15056e+00    2.66188e+00    3.27060e+00    3.79554e+00    4.32352e+00    4.79945e+00    5.27190e+00    5.86224e+00    6.51826e+00    6.95824e+00    7.15988e+00    7.15816e+00    7.21694e+00    7.26798e+00    7.36256e+00    7.52125e+00    7.58980e+00    7.68315e+00    7.76912e+00    7.88565e+00    7.92419e+00    8.03968e+00    8.17980e+00    8.22416e+00    8.28673e+00    8.33363e+00    8.42913e+00    8.51345e+00    8.53646e+00    8.56623e+00    8.60292e+00    8.67291e+00    8.72411e+00    8.72643e+00    8.67495e+00    8.66180e+00    8.62103e+00    8.61935e+00    8.62102e+00
