    5.12554e+03    3.75177e+02    5.00954e+01    1.09339e+01    4.83531e+00    3.01689e+00    4.03215e+00    1.35018e+01    4.38557e+01    2.27661e+02    2.05548e+03    1.00391e+04    8.86975e+04    5.36820e+05    2.53278e+06    6.64769e+06    3.20859e+07    3.89112e+07    1.40074e+08    2.27803e+08    3.25586e+08    4.38059e+08    5.37895e+08    6.25214e+08    1.01447e+09
    5.14633e+03    3.76114e+02    4.98983e+01    1.09560e+01    4.84507e+00    3.01837e+00    4.03896e+00    1.33974e+01    4.28777e+01    2.31485e+02    2.09577e+03    1.01042e+04    8.87057e+04    5.36741e+05    2.53241e+06    6.64671e+06    3.20811e+07    3.89055e+07    1.40054e+08    2.27770e+08    3.25538e+08    4.37994e+08    5.37816e+08    6.25122e+08    1.01432e+09
    5.15825e+03    3.79730e+02    4.98036e+01    1.09458e+01    4.84550e+00    3.02292e+00    4.04554e+00    1.33668e+01    4.24579e+01    2.26375e+02    2.08487e+03    1.01906e+04    8.87714e+04    5.37560e+05    2.53419e+06    6.65129e+06    3.21029e+07    3.89322e+07    1.40149e+08    2.27924e+08    3.25759e+08    4.38291e+08    5.38180e+08    6.25545e+08    1.01501e+09
    5.12461e+03    3.80284e+02    5.04332e+01    1.09047e+01    4.83692e+00    3.02294e+00    4.05014e+00    1.33949e+01    4.23421e+01    2.26597e+02    2.07058e+03    1.00802e+04    8.84749e+04    5.37215e+05    2.53167e+06    6.64467e+06    3.20709e+07    3.88935e+07    1.40009e+08    2.27697e+08    3.25434e+08    4.37854e+08    5.37643e+08    6.24921e+08    1.01400e+09
    5.02677e+03    3.73124e+02    4.97684e+01    1.09140e+01    4.83541e+00    3.02291e+00    4.04992e+00    1.34741e+01    4.23967e+01    2.26022e+02    2.09306e+03    1.00148e+04    8.84761e+04    5.37803e+05    2.53585e+06    6.65953e+06    3.21189e+07    3.89538e+07    1.40166e+08    2.27945e+08    3.25788e+08    4.38331e+08    5.38229e+08    6.25602e+08    1.01510e+09
    4.95679e+03    3.71429e+02    5.03971e+01    1.08685e+01    4.82958e+00    3.02453e+00    4.05695e+00    1.34298e+01    4.27030e+01    2.24220e+02    2.04712e+03    9.89017e+03    8.80219e+04    5.37690e+05    2.53562e+06    6.65892e+06    3.21160e+07    3.89501e+07    1.40153e+08    2.27924e+08    3.25759e+08    4.38291e+08    5.38180e+08    6.25546e+08    1.01501e+09
    5.07899e+03    3.76633e+02    5.01445e+01    1.08641e+01    4.83302e+00    3.02437e+00    4.05101e+00    1.34483e+01    4.29928e+01    2.28346e+02    2.06788e+03    9.97985e+03    8.81758e+04    5.37835e+05    2.53629e+06    6.66069e+06    3.21245e+07    3.89605e+07    1.40190e+08    2.27985e+08    3.25845e+08    4.38407e+08    5.38323e+08    6.25712e+08    1.01528e+09
    5.14884e+03    3.79416e+02    5.02487e+01    1.08786e+01    4.82770e+00    3.02378e+00    4.05530e+00    1.34039e+01    4.32211e+01    2.26120e+02    2.02106e+03    9.90555e+03    8.81105e+04    5.37923e+05    2.53730e+06    6.66334e+06    3.21373e+07    3.89759e+07    1.40246e+08    2.28075e+08    3.25975e+08    4.38582e+08    5.38537e+08    6.25961e+08    1.01568e+09
    5.13760e+03    3.83356e+02    5.00606e+01    1.08801e+01    4.82761e+00    3.02255e+00    4.05194e+00    1.34501e+01    4.29451e+01    2.31879e+02    2.08266e+03    1.00510e+04    8.77581e+04    5.35976e+05    2.53573e+06    6.65934e+06    3.21188e+07    3.89522e+07    1.40165e+08    2.27944e+08    3.25787e+08    4.38330e+08    5.38228e+08    6.25601e+08    1.01510e+09
    5.03751e+03    3.76108e+02    5.04060e+01    1.08627e+01    4.81844e+00    3.02338e+00    4.05434e+00    1.34215e+01    4.35822e+01    2.28374e+02    2.10571e+03    1.01348e+04    8.82944e+04    5.36159e+05    2.53555e+06    6.65888e+06    3.21166e+07    3.89497e+07    1.40156e+08    2.27928e+08    3.25765e+08    4.38299e+08    5.38190e+08    6.25557e+08    1.01503e+09
