    5.82412e-05    1.41322e-04    2.98431e-04    7.85687e-04    1.88534e-03    3.22781e-03    7.03515e-03    1.26182e-02    1.88679e-02    3.40664e-02    5.48867e-02    6.99168e-02    8.73808e-02    9.04134e-02    9.19268e-02    1.00701e-01    9.40659e-02    8.67316e-02    7.49650e-02    5.12606e-02    3.82893e-02    2.91339e-02    1.92234e-02    1.35297e-02    8.27067e-03    4.71592e-03    2.97580e-03    1.40368e-03    6.27476e-04    3.18541e-04    1.40616e-04    7.10720e-05    3.53047e-05    1.54531e-05    7.72572e-06    3.76994e-06    1.84232e-06    1.06526e-06    6.84394e-07    4.00302e-07    2.33396e-07    1.45171e-07    8.70595e-08    4.76472e-08    2.80204e-08    1.65263e-08    1.02680e-08    6.40174e-09    3.54745e-09    1.84083e-09    1.18558e-09    9.69079e-10    9.70749e-10    9.15330e-10    8.69784e-10    7.91291e-10    6.75177e-10    6.30446e-10    5.74259e-10    5.26954e-10    4.68987e-10    4.51260e-10    4.02038e-10    3.49473e-10    3.34310e-10    3.14034e-10    2.99644e-10    2.72354e-10    2.50330e-10    2.44635e-10    2.37461e-10    2.28905e-10    2.13431e-10    2.02780e-10    2.02310e-10    2.12997e-10    2.15816e-10    2.24797e-10    2.25175e-10    2.24800e-10
    5.77729e-05    1.41198e-04    2.97132e-04    7.79774e-04    1.89397e-03    3.18721e-03    7.06803e-03    1.27190e-02    1.89423e-02    3.38930e-02    5.48381e-02    6.96362e-02    8.71926e-02    9.03036e-02    9.20597e-02    1.00682e-01    9.38864e-02    8.67211e-02    7.46571e-02    5.10264e-02    3.85846e-02    2.94651e-02    1.93052e-02    1.38840e-02    8.55549e-03    4.73795e-03    2.91195e-03    1.37463e-03    6.10892e-04    3.11686e-04    1.38393e-04    7.05647e-05    3.52400e-05    1.54554e-05    7.72686e-06    3.77050e-06    1.84259e-06    1.06542e-06    6.84495e-07    4.00361e-07    2.33430e-07    1.45193e-07    8.70723e-08    4.76543e-08    2.80246e-08    1.65287e-08    1.02695e-08    6.40268e-09    3.54797e-09    1.84110e-09    1.18575e-09    9.69222e-10    9.70892e-10    9.15465e-10    8.69912e-10    7.91408e-10    6.75277e-10    6.30539e-10    5.74344e-10    5.27032e-10    4.69056e-10    4.51326e-10    4.02097e-10    3.49525e-10    3.34359e-10    3.14080e-10    2.99689e-10    2.72394e-10    2.50367e-10    2.44671e-10    2.37496e-10    2.28939e-10    2.13463e-10    2.02810e-10    2.02340e-10    2.13028e-10    2.15847e-10    2.24830e-10    2.25208e-10    2.24833e-10
    5.77337e-05    1.40291e-04    2.99081e-04    7.70048e-04    1.85599e-03    3.23489e-03    7.06021e-03    1.27552e-02    1.89425e-02    3.39020e-02    5.49246e-02    6.97806e-02    8.70219e-02    9.04010e-02    9.20385e-02    1.00338e-01    9.38280e-02    8.64637e-02    7.44936e-02    5.10617e-02    3.85429e-02    2.94994e-02    1.95481e-02    1.39589e-02    8.61096e-03    4.88230e-03    2.96581e-03    1.40951e-03    6.25962e-04    3.12541e-04    1.38909e-04    6.89605e-05    3.48064e-05    1.54407e-05    7.72163e-06    3.78669e-06    1.84134e-06    1.05950e-06    6.84031e-07    4.00090e-07    2.33272e-07    1.45094e-07    8.70134e-08    4.76220e-08    2.80056e-08    1.65175e-08    1.02625e-08    6.39834e-09    3.54557e-09    1.83985e-09    1.18495e-09    9.68566e-10    9.70235e-10    9.14845e-10    8.69323e-10    7.90872e-10    6.74819e-10    6.30112e-10    5.73955e-10    5.26675e-10    4.68738e-10    4.51021e-10    4.01825e-10    3.49288e-10    3.34133e-10    3.13867e-10    2.99486e-10    2.72210e-10    2.50197e-10    2.44506e-10    2.37335e-10    2.28784e-10    2.13318e-10    2.02672e-10    2.02202e-10    2.12884e-10    2.15701e-10    2.24677e-10    2.25056e-10    2.24681e-10
    5.80330e-05    1.41932e-04    2.98660e-04    7.72287e-04    1.87321e-03    3.12329e-03    6.96107e-03    1.26227e-02    1.88714e-02    3.42983e-02    5.48677e-02    7.00970e-02    8.72167e-02    9.03996e-02    9.19053e-02    1.00428e-01    9.37963e-02    8.65776e-02    7.41963e-02    5.10426e-02    3.84049e-02    2.95029e-02    1.94339e-02    1.39458e-02    8.71502e-03    4.85460e-03    2.97308e-03    1.40257e-03    6.26578e-04    3.15676e-04    1.39439e-04    7.03220e-05    3.50411e-05    1.57034e-05    7.72934e-06    3.79047e-06    1.83666e-06    1.06056e-06    6.84714e-07    4.00489e-07    2.33505e-07    1.45239e-07    8.71003e-08    4.76696e-08    2.80336e-08    1.65340e-08    1.02728e-08    6.40473e-09    3.54911e-09    1.84169e-09    1.18613e-09    9.69533e-10    9.71203e-10    9.15759e-10    8.70191e-10    7.91662e-10    6.75493e-10    6.30741e-10    5.74528e-10    5.27201e-10    4.69206e-10    4.51471e-10    4.02226e-10    3.49637e-10    3.34466e-10    3.14181e-10    2.99785e-10    2.72482e-10    2.50447e-10    2.44750e-10    2.37572e-10    2.29012e-10    2.13531e-10    2.02875e-10    2.02404e-10    2.13096e-10    2.15917e-10    2.24902e-10    2.25281e-10    2.24906e-10
    5.91076e-05    1.45210e-04    3.02405e-04    7.90135e-04    1.88864e-03    3.26037e-03    7.10012e-03    1.26694e-02    1.89673e-02    3.41559e-02    5.48818e-02    7.00197e-02    8.71589e-02    9.06389e-02    9.20846e-02    1.00320e-01    9.36143e-02    8.66359e-02    7.43088e-02    5.10026e-02    3.84280e-02    2.90696e-02    1.94104e-02    1.39408e-02    8.69737e-03    4.85137e-03    2.97492e-03    1.41957e-03    6.17719e-04    3.09518e-04    1.38239e-04    7.14546e-05    3.57510e-05    1.56463e-05    7.72093e-06    3.78635e-06    1.83466e-06    1.05940e-06    6.83969e-07    4.00053e-07    2.33251e-07    1.45081e-07    8.70055e-08    4.73353e-08    2.80031e-08    1.65160e-08    1.02616e-08    6.39776e-09    3.54525e-09    1.83969e-09    1.18484e-09    9.68478e-10    9.70146e-10    9.14762e-10    8.69244e-10    7.90800e-10    6.74758e-10    6.30055e-10    5.73903e-10    5.26627e-10    4.68695e-10    4.50980e-10    4.01789e-10    3.49256e-10    3.34102e-10    3.13839e-10    2.99458e-10    2.72185e-10    2.50174e-10    2.44483e-10    2.37314e-10    2.28763e-10    2.13299e-10    2.02654e-10    2.02184e-10    2.12864e-10    2.15682e-10    2.24657e-10    2.25035e-10    2.24661e-10
    6.03541e-05    1.46904e-04    3.06052e-04    7.91884e-04    1.91321e-03    3.22322e-03    6.94522e-03    1.25264e-02    1.90241e-02    3.43830e-02    5.50608e-02    7.02563e-02    8.73264e-02    9.05010e-02    9.20629e-02    1.00132e-01    9.37996e-02    8.65372e-02    7.38372e-02    5.08642e-02    3.89146e-02    2.90893e-02    1.93438e-02    1.39004e-02    8.61448e-03    4.75282e-03    3.02606e-03    1.42663e-03    6.35489e-04    3.16942e-04    1.41414e-04    7.21536e-05    3.61388e-05    1.57442e-05    7.82357e-06    3.78669e-06    1.83483e-06    1.05950e-06    6.84031e-07    4.00090e-07    2.33272e-07    1.45094e-07    8.70133e-08    4.73396e-08    2.80056e-08    1.65175e-08    1.02625e-08    6.39834e-09    3.54557e-09    1.83985e-09    1.18495e-09    9.68566e-10    9.70234e-10    9.14845e-10    8.69323e-10    7.90872e-10    6.74819e-10    6.30112e-10    5.73955e-10    5.26675e-10    4.68738e-10    4.51020e-10    4.01825e-10    3.49288e-10    3.34133e-10    3.13867e-10    2.99486e-10    2.72210e-10    2.50197e-10    2.44506e-10    2.37335e-10    2.28784e-10    2.13318e-10    2.02672e-10    2.02202e-10    2.12884e-10    2.15701e-10    2.24677e-10    2.25056e-10    2.24681e-10
    5.88571e-05    1.42717e-04    3.01264e-04    7.79990e-04    1.88250e-03    3.18987e-03    7.07392e-03    1.25402e-02    1.89278e-02    3.44471e-02    5.51380e-02    7.01301e-02    8.72456e-02    9.04970e-02    9.20640e-02    1.00235e-01    9.35990e-02    8.67410e-02    7.38285e-02    5.12776e-02    3.88303e-02    2.89099e-02    1.94756e-02    1.38537e-02    8.41981e-03    4.84944e-03    2.95963e-03    1.38120e-03    6.26373e-04    3.15808e-04    1.39352e-04    7.16973e-05    3.56128e-05    1.56852e-05    7.82149e-06    3.78569e-06    1.83434e-06    1.05922e-06    6.83849e-07    3.99983e-07    2.33210e-07    1.45056e-07    8.69903e-08    4.73270e-08    2.79982e-08    1.65131e-08    1.02598e-08    6.39665e-09    3.54463e-09    1.83937e-09    1.18463e-09    9.68309e-10    9.69977e-10    9.14602e-10    8.69092e-10    7.90662e-10    6.74640e-10    6.29945e-10    5.73803e-10    5.26535e-10    4.68614e-10    4.50901e-10    4.01718e-10    3.49195e-10    3.34044e-10    3.13784e-10    2.99406e-10    2.72137e-10    2.50131e-10    2.44441e-10    2.37272e-10    2.28723e-10    2.13262e-10    2.02618e-10    2.02149e-10    2.12827e-10    2.15644e-10    2.24618e-10    2.24996e-10    2.24622e-10
    5.76663e-05    1.40751e-04    2.99647e-04    7.75405e-04    1.86139e-03    3.19204e-03    6.97872e-03    1.26391e-02    1.88941e-02    3.44498e-02    5.48878e-02    7.03901e-02    8.72032e-02    9.06820e-02    9.23156e-02    1.00160e-01    9.35595e-02    8.65016e-02    7.37881e-02    5.11720e-02    3.89411e-02    2.91470e-02    1.94543e-02    1.36282e-02    8.48413e-03    4.76854e-03    2.95281e-03    1.42962e-03    6.40063e-04    3.22448e-04    1.44070e-04    7.16688e-05    3.57661e-05    1.56789e-05    7.78727e-06    3.81060e-06    1.83361e-06    1.05880e-06    6.83577e-07    3.99824e-07    2.33118e-07    1.44998e-07    8.69557e-08    4.73082e-08    2.79870e-08    1.65066e-08    1.02557e-08    6.39410e-09    3.54322e-09    1.83863e-09    1.18416e-09    9.67923e-10    9.69591e-10    9.14238e-10    8.68746e-10    7.90347e-10    6.74372e-10    6.29694e-10    5.73574e-10    5.26326e-10    4.68427e-10    4.50721e-10    4.01559e-10    3.49056e-10    3.33911e-10    3.13659e-10    2.99287e-10    2.72029e-10    2.50031e-10    2.44343e-10    2.37178e-10    2.28632e-10    2.13177e-10    2.02538e-10    2.02068e-10    2.12743e-10    2.15558e-10    2.24528e-10    2.24907e-10    2.24532e-10
    5.88882e-05    1.39872e-04    2.98835e-04    7.62969e-04    1.84320e-03    3.16421e-03    7.05043e-03    1.27265e-02    1.86574e-02    3.46172e-02    5.49163e-02    6.98945e-02    8.73023e-02    9.09717e-02    9.25202e-02    9.98474e-02    9.35959e-02    8.69149e-02    7.37651e-02    5.11501e-02    3.88370e-02    2.89178e-02    1.94921e-02    1.37397e-02    8.56622e-03    4.77368e-03    2.90775e-03    1.36277e-03    6.14001e-04    3.12849e-04    1.40413e-04    7.05566e-05    3.51561e-05    1.56954e-05    7.84254e-06    3.81279e-06    1.86372e-06    1.06604e-06    6.83971e-07    4.00054e-07    2.33252e-07    1.45082e-07    8.70057e-08    4.73354e-08    2.80031e-08    1.65161e-08    1.02616e-08    6.39778e-09    3.54526e-09    1.83969e-09    1.18485e-09    9.68481e-10    9.70149e-10    9.14764e-10    8.69246e-10    7.90802e-10    6.74760e-10    6.30056e-10    5.73905e-10    5.26629e-10    4.68697e-10    4.50981e-10    4.01790e-10    3.49257e-10    3.34103e-10    3.13840e-10    2.99459e-10    2.72186e-10    2.50175e-10    2.44484e-10    2.37314e-10    2.28764e-10    2.13300e-10    2.02654e-10    2.02185e-10    2.12865e-10    2.15682e-10    2.24658e-10    2.25036e-10    2.24661e-10
    5.89220e-05    1.44663e-04    3.03736e-04    7.82535e-04    1.88707e-03    3.17016e-03    7.01563e-03    1.25202e-02    1.87495e-02    3.47102e-02    5.49017e-02    7.01340e-02    8.75578e-02    9.09236e-02    9.26996e-02    9.97149e-02    9.34244e-02    8.69729e-02    7.38108e-02    5.09311e-02    3.87696e-02    2.92557e-02    1.93822e-02    1.34471e-02    8.42704e-03    4.73826e-03    2.97637e-03    1.39659e-03    6.10307e-04    3.08746e-04    1.38457e-04    6.93941e-05    3.51614e-05    1.56965e-05    7.71854e-06    3.78588e-06    1.86385e-06    1.06612e-06    6.84019e-07    4.00083e-07    2.33268e-07    1.45092e-07    8.70118e-08    4.73388e-08    2.80051e-08    1.65172e-08    1.02623e-08    6.39823e-09    3.54551e-09    1.83982e-09    1.18493e-09    9.68548e-10    9.70217e-10    9.14829e-10    8.69307e-10    7.90858e-10    6.74807e-10    6.30100e-10    5.73945e-10    5.26666e-10    4.68730e-10    4.51012e-10    4.01818e-10    3.49282e-10    3.34127e-10    3.13862e-10    2.99480e-10    2.72205e-10    2.50193e-10    2.44501e-10    2.37331e-10    2.28780e-10    2.13315e-10    2.02669e-10    2.02199e-10    2.12880e-10    2.15697e-10    2.24673e-10    2.25052e-10    2.24677e-10
