    1.16482e-03    2.82644e-03    5.96862e-03    1.57137e-02    3.77069e-02    6.45563e-02    1.40703e-01    2.52364e-01    3.77359e-01    6.81328e-01    1.09773e+00    1.39834e+00    1.74762e+00    1.80827e+00    1.83854e+00    2.01402e+00    1.88132e+00    1.73463e+00    1.49930e+00    1.02521e+00    7.65787e-01    5.82678e-01    3.84468e-01    2.70593e-01    1.65413e-01    9.43185e-02    5.95160e-02    2.80735e-02    1.25495e-02    6.37083e-03    2.81231e-03    1.42144e-03    7.06094e-04    3.09062e-04    1.54514e-04    7.53988e-05    3.68463e-05    2.13053e-05    1.36879e-05    8.00604e-06    4.66792e-06    2.90343e-06    1.74119e-06    9.52945e-07    5.60409e-07    3.30526e-07    2.05359e-07    1.28035e-07    7.09490e-08    3.68166e-08    2.37116e-08    1.93816e-08    1.94150e-08    1.83066e-08    1.73957e-08    1.58258e-08    1.35035e-08    1.26089e-08    1.14852e-08    1.05391e-08    9.37973e-09    9.02519e-09    8.04076e-09    6.98946e-09    6.68620e-09    6.28067e-09    5.99289e-09    5.44708e-09    5.00660e-09    4.89271e-09    4.74922e-09    4.57811e-09    4.26863e-09    4.05559e-09    4.04619e-09    4.25993e-09    4.31631e-09    4.49593e-09    4.50350e-09    4.49601e-09
    1.15546e-03    2.82395e-03    5.94265e-03    1.55955e-02    3.78794e-02    6.37442e-02    1.41361e-01    2.54380e-01    3.78846e-01    6.77861e-01    1.09676e+00    1.39272e+00    1.74385e+00    1.80607e+00    1.84119e+00    2.01364e+00    1.87773e+00    1.73442e+00    1.49314e+00    1.02053e+00    7.71693e-01    5.89301e-01    3.86105e-01    2.77680e-01    1.71110e-01    9.47590e-02    5.82389e-02    2.74925e-02    1.22178e-02    6.23372e-03    2.76787e-03    1.41129e-03    7.04800e-04    3.09107e-04    1.54537e-04    7.54099e-05    3.68518e-05    2.13084e-05    1.36899e-05    8.00722e-06    4.66861e-06    2.90385e-06    1.74145e-06    9.53086e-07    5.60492e-07    3.30574e-07    2.05390e-07    1.28054e-07    7.09595e-08    3.68220e-08    2.37151e-08    1.93844e-08    1.94178e-08    1.83093e-08    1.73982e-08    1.58282e-08    1.35055e-08    1.26108e-08    1.14869e-08    1.05406e-08    9.38112e-09    9.02653e-09    8.04195e-09    6.99049e-09    6.68718e-09    6.28160e-09    5.99377e-09    5.44788e-09    5.00734e-09    4.89343e-09    4.74992e-09    4.57878e-09    4.26926e-09    4.05619e-09    4.04679e-09    4.26056e-09    4.31695e-09    4.49660e-09    4.50417e-09    4.49667e-09
    1.15467e-03    2.80582e-03    5.98162e-03    1.54010e-02    3.71197e-02    6.46979e-02    1.41204e-01    2.55104e-01    3.78850e-01    6.78039e-01    1.09849e+00    1.39561e+00    1.74044e+00    1.80802e+00    1.84077e+00    2.00676e+00    1.87656e+00    1.72927e+00    1.48987e+00    1.02123e+00    7.70857e-01    5.89989e-01    3.90962e-01    2.79178e-01    1.72219e-01    9.76460e-02    5.93163e-02    2.81901e-02    1.25192e-02    6.25081e-03    2.77818e-03    1.37921e-03    6.96127e-04    3.08815e-04    1.54433e-04    7.57338e-05    3.68268e-05    2.11900e-05    1.36806e-05    8.00179e-06    4.66545e-06    2.90189e-06    1.74027e-06    9.52440e-07    5.60112e-07    3.30351e-07    2.05250e-07    1.27967e-07    7.09114e-08    3.67971e-08    2.36990e-08    1.93713e-08    1.94047e-08    1.82969e-08    1.73865e-08    1.58174e-08    1.34964e-08    1.26022e-08    1.14791e-08    1.05335e-08    9.37476e-09    9.02041e-09    8.03650e-09    6.98576e-09    6.68266e-09    6.27734e-09    5.98971e-09    5.44419e-09    5.00394e-09    4.89011e-09    4.74671e-09    4.57568e-09    4.26637e-09    4.05345e-09    4.04405e-09    4.25768e-09    4.31403e-09    4.49355e-09    4.50112e-09    4.49362e-09
    1.16066e-03    2.83864e-03    5.97320e-03    1.54457e-02    3.74642e-02    6.24657e-02    1.39221e-01    2.52454e-01    3.77427e-01    6.85967e-01    1.09735e+00    1.40194e+00    1.74433e+00    1.80799e+00    1.83811e+00    2.00857e+00    1.87593e+00    1.73155e+00    1.48393e+00    1.02085e+00    7.68097e-01    5.90058e-01    3.88677e-01    2.78916e-01    1.74300e-01    9.70921e-02    5.94616e-02    2.80514e-02    1.25316e-02    6.31352e-03    2.78878e-03    1.40644e-03    7.00822e-04    3.14069e-04    1.54587e-04    7.58095e-05    3.67332e-05    2.12111e-05    1.36943e-05    8.00978e-06    4.67011e-06    2.90479e-06    1.74201e-06    9.53391e-07    5.60671e-07    3.30680e-07    2.05455e-07    1.28095e-07    7.09822e-08    3.68338e-08    2.37227e-08    1.93907e-08    1.94241e-08    1.83152e-08    1.74038e-08    1.58332e-08    1.35099e-08    1.26148e-08    1.14906e-08    1.05440e-08    9.38412e-09    9.02942e-09    8.04453e-09    6.99273e-09    6.68933e-09    6.28361e-09    5.99569e-09    5.44963e-09    5.00894e-09    4.89500e-09    4.75145e-09    4.58025e-09    4.27063e-09    4.05749e-09    4.04809e-09    4.26193e-09    4.31833e-09    4.49804e-09    4.50561e-09    4.49811e-09
    1.18215e-03    2.90420e-03    6.04811e-03    1.58027e-02    3.77727e-02    6.52074e-02    1.42002e-01    2.53388e-01    3.79345e-01    6.83117e-01    1.09764e+00    1.40039e+00    1.74318e+00    1.81278e+00    1.84169e+00    2.00639e+00    1.87229e+00    1.73272e+00    1.48618e+00    1.02005e+00    7.68560e-01    5.81391e-01    3.88208e-01    2.78817e-01    1.73947e-01    9.70275e-02    5.94983e-02    2.83914e-02    1.23544e-02    6.19036e-03    2.76478e-03    1.42909e-03    7.15020e-04    3.12926e-04    1.54419e-04    7.57269e-05    3.66932e-05    2.11881e-05    1.36794e-05    8.00107e-06    4.66502e-06    2.90162e-06    1.74011e-06    9.46706e-07    5.60061e-07    3.30320e-07    2.05232e-07    1.27955e-07    7.09050e-08    3.67937e-08    2.36968e-08    1.93696e-08    1.94029e-08    1.82952e-08    1.73849e-08    1.58160e-08    1.34952e-08    1.26011e-08    1.14781e-08    1.05325e-08    9.37391e-09    9.01959e-09    8.03577e-09    6.98512e-09    6.68205e-09    6.27677e-09    5.98917e-09    5.44370e-09    5.00349e-09    4.88967e-09    4.74627e-09    4.57526e-09    4.26598e-09    4.05308e-09    4.04368e-09    4.25729e-09    4.31363e-09    4.49314e-09    4.50071e-09    4.49321e-09
    1.20708e-03    2.93809e-03    6.12104e-03    1.58377e-02    3.82642e-02    6.44644e-02    1.38904e-01    2.50529e-01    3.80482e-01    6.87660e-01    1.10122e+00    1.40513e+00    1.74653e+00    1.81002e+00    1.84126e+00    2.00264e+00    1.87599e+00    1.73074e+00    1.47674e+00    1.01728e+00    7.78291e-01    5.81786e-01    3.86875e-01    2.78007e-01    1.72290e-01    9.50563e-02    6.05212e-02    2.85327e-02    1.27098e-02    6.33885e-03    2.82829e-03    1.44307e-03    7.22775e-04    3.14884e-04    1.56471e-04    7.57338e-05    3.66966e-05    2.11900e-05    1.36806e-05    8.00179e-06    4.66545e-06    2.90189e-06    1.74027e-06    9.46792e-07    5.60112e-07    3.30350e-07    2.05250e-07    1.27967e-07    7.09114e-08    3.67971e-08    2.36990e-08    1.93713e-08    1.94047e-08    1.82969e-08    1.73865e-08    1.58174e-08    1.34964e-08    1.26022e-08    1.14791e-08    1.05335e-08    9.37476e-09    9.02041e-09    8.03650e-09    6.98576e-09    6.68265e-09    6.27734e-09    5.98971e-09    5.44419e-09    5.00394e-09    4.89011e-09    4.74670e-09    4.57568e-09    4.26637e-09    4.05344e-09    4.04405e-09    4.25768e-09    4.31402e-09    4.49355e-09    4.50112e-09    4.49362e-09
    1.17714e-03    2.85434e-03    6.02529e-03    1.55998e-02    3.76500e-02    6.37974e-02    1.41478e-01    2.50805e-01    3.78556e-01    6.88942e-01    1.10276e+00    1.40260e+00    1.74491e+00    1.80994e+00    1.84128e+00    2.00469e+00    1.87198e+00    1.73482e+00    1.47657e+00    1.02555e+00    7.76606e-01    5.78198e-01    3.89512e-01    2.77074e-01    1.68396e-01    9.69889e-02    5.91926e-02    2.76240e-02    1.25275e-02    6.31616e-03    2.78704e-03    1.43395e-03    7.12256e-04    3.13703e-04    1.56430e-04    7.57137e-05    3.66868e-05    2.11844e-05    1.36770e-05    7.99967e-06    4.66421e-06    2.90112e-06    1.73981e-06    9.46541e-07    5.59963e-07    3.30263e-07    2.05196e-07    1.27933e-07    7.08926e-08    3.67873e-08    2.36927e-08    1.93662e-08    1.93995e-08    1.82920e-08    1.73818e-08    1.58132e-08    1.34928e-08    1.25989e-08    1.14761e-08    1.05307e-08    9.37227e-09    9.01802e-09    8.03437e-09    6.98390e-09    6.68088e-09    6.27568e-09    5.98812e-09    5.44275e-09    5.00262e-09    4.88882e-09    4.74545e-09    4.57446e-09    4.26523e-09    4.05237e-09    4.04298e-09    4.25655e-09    4.31288e-09    4.49236e-09    4.49992e-09    4.49243e-09
    1.15333e-03    2.81502e-03    5.99294e-03    1.55081e-02    3.72277e-02    6.38407e-02    1.39574e-01    2.52782e-01    3.77881e-01    6.88996e-01    1.09776e+00    1.40780e+00    1.74406e+00    1.81364e+00    1.84631e+00    2.00320e+00    1.87119e+00    1.73003e+00    1.47576e+00    1.02344e+00    7.78822e-01    5.82941e-01    3.89086e-01    2.72563e-01    1.69683e-01    9.53707e-02    5.90563e-02    2.85924e-02    1.28013e-02    6.44896e-03    2.88139e-03    1.43338e-03    7.15322e-04    3.13578e-04    1.55745e-04    7.62120e-05    3.66722e-05    2.11759e-05    1.36715e-05    7.99649e-06    4.66235e-06    2.89996e-06    1.73911e-06    9.46164e-07    5.59740e-07    3.30131e-07    2.05114e-07    1.27882e-07    7.08644e-08    3.67727e-08    2.36833e-08    1.93585e-08    1.93918e-08    1.82848e-08    1.73749e-08    1.58069e-08    1.34874e-08    1.25939e-08    1.14715e-08    1.05265e-08    9.36854e-09    9.01443e-09    8.03117e-09    6.98112e-09    6.67822e-09    6.27318e-09    5.98574e-09    5.44058e-09    5.00062e-09    4.88687e-09    4.74356e-09    4.57264e-09    4.26354e-09    4.05076e-09    4.04137e-09    4.25485e-09    4.31116e-09    4.49057e-09    4.49813e-09    4.49064e-09
    1.17776e-03    2.79744e-03    5.97670e-03    1.52594e-02    3.68640e-02    6.32842e-02    1.41009e-01    2.54531e-01    3.73148e-01    6.92343e-01    1.09833e+00    1.39789e+00    1.74605e+00    1.81943e+00    1.85040e+00    1.99695e+00    1.87192e+00    1.73830e+00    1.47530e+00    1.02300e+00    7.76741e-01    5.78355e-01    3.89842e-01    2.74794e-01    1.71324e-01    9.54737e-02    5.81549e-02    2.72554e-02    1.22800e-02    6.25698e-03    2.80826e-03    1.41113e-03    7.03121e-04    3.13908e-04    1.56851e-04    7.62559e-05    3.72744e-05    2.13208e-05    1.36794e-05    8.00109e-06    4.66504e-06    2.90163e-06    1.74011e-06    9.46709e-07    5.60063e-07    3.30321e-07    2.05232e-07    1.27956e-07    7.09052e-08    3.67939e-08    2.36969e-08    1.93696e-08    1.94030e-08    1.82953e-08    1.73849e-08    1.58160e-08    1.34952e-08    1.26011e-08    1.14781e-08    1.05326e-08    9.37394e-09    9.01962e-09    8.03579e-09    6.98514e-09    6.68207e-09    6.27679e-09    5.98919e-09    5.44371e-09    5.00350e-09    4.88968e-09    4.74629e-09    4.57528e-09    4.26599e-09    4.05309e-09    4.04369e-09    4.25730e-09    4.31364e-09    4.49315e-09    4.50072e-09    4.49323e-09
    1.17844e-03    2.89326e-03    6.07473e-03    1.56507e-02    3.77414e-02    6.34031e-02    1.40313e-01    2.50403e-01    3.74990e-01    6.94205e-01    1.09803e+00    1.40268e+00    1.75116e+00    1.81847e+00    1.85399e+00    1.99430e+00    1.86849e+00    1.73946e+00    1.47622e+00    1.01862e+00    7.75393e-01    5.85113e-01    3.87643e-01    2.68942e-01    1.68541e-01    9.47651e-02    5.95274e-02    2.79318e-02    1.22061e-02    6.17492e-03    2.76913e-03    1.38788e-03    7.03228e-04    3.13930e-04    1.54371e-04    7.57176e-05    3.72770e-05    2.13223e-05    1.36804e-05    8.00165e-06    4.66536e-06    2.90184e-06    1.74024e-06    9.46775e-07    5.60102e-07    3.30345e-07    2.05247e-07    1.27965e-07    7.09101e-08    3.67964e-08    2.36986e-08    1.93710e-08    1.94043e-08    1.82966e-08    1.73861e-08    1.58172e-08    1.34961e-08    1.26020e-08    1.14789e-08    1.05333e-08    9.37459e-09    9.02025e-09    8.03636e-09    6.98563e-09    6.68253e-09    6.27723e-09    5.98961e-09    5.44410e-09    5.00385e-09    4.89003e-09    4.74662e-09    4.57560e-09    4.26629e-09    4.05337e-09    4.04398e-09    4.25760e-09    4.31395e-09    4.49347e-09    4.50104e-09    4.49354e-09
