1 1.45000000 1000.00000000
2 1.75000000 1000.00000000
3 2.05000000 1000.00000000
4 2.20000000 500.00000000
5 2.35000000 500.00000000
6 2.50000000 1000.00000000
7 2.80000000 1000.00000000
8 2.95000000 1000.00000000
9 3.10000000 500.00000000
10 3.25000000 500.00000000
11 3.40000000 500.00000000
12 3.55000000 500.00000000
13 3.70000000 250.00000000
14 3.85000000 250.00000000
15 4.00000000 100.00000000
16 4.20000000 100.00000000
17 4.40000000 100.00000000
18 4.60000000 100.00000000
19 4.80000000 100.00000000
20 5.00000000 100.00000000
21 5.20000000 100.00000000
22 5.40000000 100.00000000
