   -3.86690e+00   -4.76486e+00   -5.50371e+00   -6.45789e+00   -7.33349e+00   -7.86542e+00   -8.64092e+00   -9.22010e+00   -9.62442e+00   -1.02207e+01   -1.06875e+01   -1.09319e+01   -1.11558e+01   -1.11891e+01   -1.12067e+01   -1.12976e+01   -1.12277e+01   -1.11490e+01   -1.09982e+01   -1.06190e+01   -1.03268e+01   -1.00506e+01   -9.63819e+00   -9.29680e+00   -8.81005e+00   -8.25471e+00   -7.78453e+00   -7.02303e+00   -6.20700e+00   -5.53326e+00   -4.71657e+00   -4.03987e+00   -3.34973e+00   -2.52199e+00   -1.82696e+00   -1.10435e+00   -3.88316e-01    1.59486e-01    6.01930e-01    1.13824e+00    1.67773e+00    2.15255e+00    2.66387e+00    3.26664e+00    3.79753e+00    4.32551e+00    4.80143e+00    5.27389e+00    5.86423e+00    6.52025e+00    6.96023e+00    7.16187e+00    7.16015e+00    7.21893e+00    7.26997e+00    7.36455e+00    7.52324e+00    7.59179e+00    7.68514e+00    7.77110e+00    7.88764e+00    7.92618e+00    8.04167e+00    8.18179e+00    8.22615e+00    8.28872e+00    8.33562e+00    8.43112e+00    8.51544e+00    8.53845e+00    8.56821e+00    8.60491e+00    8.67490e+00    8.72610e+00    8.72842e+00    8.67694e+00    8.66379e+00    8.62302e+00    8.62134e+00    8.62301e+00
   -3.87038e+00   -4.76551e+00   -5.50526e+00   -6.47774e+00   -7.34470e+00   -7.86442e+00   -8.63715e+00   -9.22341e+00   -9.62550e+00   -1.02177e+01   -1.06871e+01   -1.09304e+01   -1.11549e+01   -1.11883e+01   -1.12067e+01   -1.12972e+01   -1.12268e+01   -1.11487e+01   -1.09963e+01   -1.06173e+01   -1.03298e+01   -1.00540e+01   -9.63999e+00   -9.30518e+00   -8.81470e+00   -8.23713e+00   -7.77232e+00   -7.01007e+00   -6.22083e+00   -5.54238e+00   -4.71916e+00   -4.04426e+00   -3.33075e+00   -2.52599e+00   -1.81272e+00   -1.11708e+00   -3.87941e-01    1.59861e-01    6.02305e-01    1.13862e+00    1.67810e+00    2.15292e+00    2.66425e+00    3.26701e+00    3.79790e+00    4.32589e+00    4.80181e+00    5.27427e+00    5.86461e+00    6.52062e+00    6.96061e+00    7.16225e+00    7.16053e+00    7.21931e+00    7.27035e+00    7.36493e+00    7.52362e+00    7.59217e+00    7.68551e+00    7.77148e+00    7.88802e+00    7.92655e+00    8.04205e+00    8.18217e+00    8.22653e+00    8.28909e+00    8.33600e+00    8.43149e+00    8.51581e+00    8.53883e+00    8.56859e+00    8.60529e+00    8.67528e+00    8.72647e+00    8.72879e+00    8.67732e+00    8.66417e+00    8.62340e+00    8.62172e+00    8.62338e+00
   -3.85736e+00   -4.75540e+00   -5.50392e+00   -6.45615e+00   -7.33220e+00   -7.86334e+00   -8.65016e+00   -9.22868e+00   -9.62974e+00   -1.02183e+01   -1.06899e+01   -1.09336e+01   -1.11567e+01   -1.11911e+01   -1.12088e+01   -1.12981e+01   -1.12289e+01   -1.11498e+01   -1.09980e+01   -1.06202e+01   -1.03314e+01   -1.00568e+01   -9.64588e+00   -9.31173e+00   -8.81833e+00   -8.25208e+00   -7.76927e+00   -7.00543e+00   -6.20600e+00   -5.52070e+00   -4.70688e+00   -4.00849e+00   -3.33560e+00   -2.52812e+00   -1.82180e+00   -1.09991e+00   -3.78720e-01    1.59360e-01    6.00175e-01    1.14442e+00    1.67597e+00    2.15079e+00    2.66212e+00    3.26488e+00    3.79577e+00    4.32376e+00    4.79968e+00    5.27214e+00    5.86248e+00    6.51849e+00    6.95848e+00    7.16012e+00    7.15840e+00    7.21718e+00    7.26822e+00    7.36280e+00    7.52149e+00    7.59004e+00    7.68338e+00    7.76935e+00    7.88589e+00    7.92442e+00    8.03992e+00    8.18004e+00    8.22440e+00    8.28696e+00    8.33387e+00    8.42936e+00    8.51368e+00    8.53670e+00    8.56646e+00    8.60316e+00    8.67315e+00    8.72434e+00    8.72666e+00    8.67519e+00    8.66204e+00    8.62127e+00    8.61958e+00    8.62125e+00
   -3.86347e+00   -4.74970e+00   -5.50814e+00   -6.45433e+00   -7.33628e+00   -7.85536e+00   -8.64355e+00   -9.22814e+00   -9.62800e+00   -1.02215e+01   -1.06897e+01   -1.09350e+01   -1.11572e+01   -1.11916e+01   -1.12084e+01   -1.12988e+01   -1.12292e+01   -1.11503e+01   -1.09961e+01   -1.06203e+01   -1.03302e+01   -1.00595e+01   -9.64415e+00   -9.31195e+00   -8.82555e+00   -8.25330e+00   -7.75813e+00   -7.00824e+00   -6.19657e+00   -5.52442e+00   -4.71223e+00   -4.03592e+00   -3.31879e+00   -2.52783e+00   -1.80866e+00   -1.10047e+00   -3.78085e-01    1.74016e-01    5.99617e-01    1.14386e+00    1.67541e+00    2.15024e+00    2.66156e+00    3.26433e+00    3.79522e+00    4.32320e+00    4.79912e+00    5.27158e+00    5.86192e+00    6.51793e+00    6.95792e+00    7.15956e+00    7.15784e+00    7.21662e+00    7.26766e+00    7.36224e+00    7.52093e+00    7.58948e+00    7.68282e+00    7.76879e+00    7.88533e+00    7.92386e+00    8.03936e+00    8.17948e+00    8.22384e+00    8.28641e+00    8.33331e+00    8.42880e+00    8.51313e+00    8.53614e+00    8.56590e+00    8.60260e+00    8.67259e+00    8.72379e+00    8.72611e+00    8.67463e+00    8.66148e+00    8.62071e+00    8.61903e+00    8.62069e+00
   -3.86227e+00   -4.76140e+00   -5.50143e+00   -6.45016e+00   -7.32237e+00   -7.86635e+00   -8.65374e+00   -9.22876e+00   -9.62959e+00   -1.02213e+01   -1.06898e+01   -1.09351e+01   -1.11574e+01   -1.11927e+01   -1.12093e+01   -1.12983e+01   -1.12287e+01   -1.11503e+01   -1.09971e+01   -1.06205e+01   -1.03301e+01   -1.00554e+01   -9.64423e+00   -9.31141e+00   -8.82930e+00   -8.24392e+00   -7.74932e+00   -6.99765e+00   -6.19239e+00   -5.52555e+00   -4.69706e+00   -4.02951e+00   -3.33936e+00   -2.52266e+00   -1.80850e+00   -1.08688e+00   -3.77925e-01    1.48480e-01    5.99777e-01    1.12152e+00    1.67557e+00    2.15040e+00    2.66172e+00    3.26449e+00    3.79538e+00    4.32336e+00    4.79928e+00    5.27174e+00    5.86208e+00    6.51809e+00    6.95808e+00    7.15972e+00    7.15800e+00    7.21678e+00    7.26782e+00    7.36240e+00    7.52109e+00    7.58964e+00    7.68298e+00    7.76895e+00    7.88549e+00    7.92402e+00    8.03952e+00    8.17964e+00    8.22400e+00    8.28657e+00    8.33347e+00    8.42896e+00    8.51329e+00    8.53630e+00    8.56606e+00    8.60276e+00    8.67275e+00    8.72395e+00    8.72627e+00    8.67479e+00    8.66164e+00    8.62087e+00    8.61919e+00    8.62085e+00
   -3.90411e+00   -4.78169e+00   -5.50524e+00   -6.46029e+00   -7.34183e+00   -7.85065e+00   -8.64921e+00   -9.22121e+00   -9.62885e+00   -1.02206e+01   -1.06884e+01   -1.09338e+01   -1.11555e+01   -1.11896e+01   -1.12064e+01   -1.12952e+01   -1.12268e+01   -1.11475e+01   -1.09919e+01   -1.06169e+01   -1.03314e+01   -1.00521e+01   -9.64282e+00   -9.31013e+00   -8.82306e+00   -8.22909e+00   -7.75886e+00   -7.00487e+00   -6.19831e+00   -5.54057e+00   -4.73362e+00   -4.04137e+00   -3.33471e+00   -2.51996e+00   -1.82103e+00   -1.10111e+00   -3.75225e-01    1.51180e-01    6.02477e-01    1.12422e+00    1.67827e+00    2.15310e+00    2.66442e+00    3.26719e+00    3.79808e+00    4.32606e+00    4.80198e+00    5.27444e+00    5.86478e+00    6.52079e+00    6.96078e+00    7.16242e+00    7.16070e+00    7.21948e+00    7.27052e+00    7.36510e+00    7.52379e+00    7.59234e+00    7.68568e+00    7.77165e+00    7.88819e+00    7.92672e+00    8.04222e+00    8.18234e+00    8.22670e+00    8.28927e+00    8.33617e+00    8.43166e+00    8.51599e+00    8.53900e+00    8.56876e+00    8.60546e+00    8.67545e+00    8.72665e+00    8.72897e+00    8.67749e+00    8.66434e+00    8.62357e+00    8.62189e+00    8.62355e+00
   -3.85576e+00   -4.74046e+00   -5.49424e+00   -6.45453e+00   -7.33164e+00   -7.85340e+00   -8.63500e+00   -9.22047e+00   -9.63061e+00   -1.02230e+01   -1.06917e+01   -1.09353e+01   -1.11567e+01   -1.11916e+01   -1.12085e+01   -1.12973e+01   -1.12281e+01   -1.11498e+01   -1.09940e+01   -1.06222e+01   -1.03327e+01   -1.00510e+01   -9.64568e+00   -9.31011e+00   -8.81478e+00   -8.24365e+00   -7.76426e+00   -7.01250e+00   -6.20531e+00   -5.52747e+00   -4.71015e+00   -4.03167e+00   -3.33662e+00   -2.53039e+00   -1.82292e+00   -1.10300e+00   -3.85138e-01    1.49293e-01    5.89463e-01    1.12233e+00    1.67639e+00    2.15121e+00    2.66253e+00    3.26530e+00    3.79619e+00    4.32417e+00    4.80009e+00    5.27255e+00    5.86289e+00    6.51891e+00    6.95889e+00    7.16053e+00    7.15881e+00    7.21759e+00    7.26863e+00    7.36321e+00    7.52190e+00    7.59045e+00    7.68380e+00    7.76976e+00    7.88630e+00    7.92484e+00    8.04033e+00    8.18045e+00    8.22481e+00    8.28738e+00    8.33428e+00    8.42978e+00    8.51410e+00    8.53711e+00    8.56687e+00    8.60357e+00    8.67356e+00    8.72476e+00    8.72708e+00    8.67560e+00    8.66245e+00    8.62168e+00    8.62000e+00    8.62167e+00
   -3.82076e+00   -4.70608e+00   -5.48546e+00   -6.44390e+00   -7.33622e+00   -7.85191e+00   -8.64488e+00   -9.22666e+00   -9.62905e+00   -1.02236e+01   -1.06908e+01   -1.09373e+01   -1.11574e+01   -1.11935e+01   -1.12098e+01   -1.12980e+01   -1.12290e+01   -1.11503e+01   -1.09942e+01   -1.06232e+01   -1.03339e+01   -1.00536e+01   -9.64911e+00   -9.30816e+00   -8.81019e+00   -8.24440e+00   -7.77217e+00   -7.01534e+00   -6.19405e+00   -5.53635e+00   -4.70905e+00   -4.04147e+00   -3.34164e+00   -2.51406e+00   -1.82384e+00   -1.11640e+00   -3.86060e-01    1.48371e-01    5.88542e-01    1.12141e+00    1.67546e+00    2.15029e+00    2.66161e+00    3.26438e+00    3.79527e+00    4.32325e+00    4.79917e+00    5.27163e+00    5.86197e+00    6.51798e+00    6.95797e+00    7.15961e+00    7.15789e+00    7.21667e+00    7.26771e+00    7.36229e+00    7.52098e+00    7.58953e+00    7.68288e+00    7.76884e+00    7.88538e+00    7.92391e+00    8.03941e+00    8.17953e+00    8.22389e+00    8.28646e+00    8.33336e+00    8.42885e+00    8.51318e+00    8.53619e+00    8.56595e+00    8.60265e+00    8.67264e+00    8.72384e+00    8.72616e+00    8.67468e+00    8.66153e+00    8.62076e+00    8.61908e+00    8.62074e+00
   -3.82928e+00   -4.70864e+00   -5.47309e+00   -6.41755e+00   -7.29893e+00   -7.82953e+00   -8.64421e+00   -9.22976e+00   -9.62774e+00   -1.02279e+01   -1.06933e+01   -1.09371e+01   -1.11595e+01   -1.11963e+01   -1.12129e+01   -1.12992e+01   -1.12312e+01   -1.11532e+01   -1.09961e+01   -1.06243e+01   -1.03352e+01   -1.00521e+01   -9.65138e+00   -9.31510e+00   -8.81686e+00   -8.25384e+00   -7.77146e+00   -7.01402e+00   -6.20013e+00   -5.52596e+00   -4.70852e+00   -4.03636e+00   -3.33089e+00   -2.51623e+00   -1.82354e+00   -1.10467e+00   -3.67378e-01    1.44308e-01    5.86533e-01    1.11940e+00    1.67346e+00    2.14828e+00    2.65960e+00    3.26237e+00    3.79326e+00    4.32124e+00    4.79716e+00    5.26962e+00    5.85996e+00    6.51598e+00    6.95596e+00    7.15760e+00    7.15588e+00    7.21466e+00    7.26570e+00    7.36028e+00    7.51897e+00    7.58752e+00    7.68087e+00    7.76683e+00    7.88337e+00    7.92190e+00    8.03740e+00    8.17752e+00    8.22188e+00    8.28445e+00    8.33135e+00    8.42684e+00    8.51117e+00    8.53418e+00    8.56394e+00    8.60064e+00    8.67063e+00    8.72183e+00    8.72415e+00    8.67267e+00    8.65952e+00    8.61875e+00    8.61707e+00    8.61874e+00
   -3.85072e+00   -4.73995e+00   -5.48216e+00   -6.45180e+00   -7.31804e+00   -7.84037e+00   -8.63526e+00   -9.22781e+00   -9.62358e+00   -1.02267e+01   -1.06913e+01   -1.09370e+01   -1.11591e+01   -1.11948e+01   -1.12123e+01   -1.12977e+01   -1.12289e+01   -1.11524e+01   -1.09949e+01   -1.06218e+01   -1.03348e+01   -1.00537e+01   -9.65060e+00   -9.30373e+00   -8.81551e+00   -8.22503e+00   -7.77534e+00   -7.01029e+00   -6.20999e+00   -5.52749e+00   -4.69788e+00   -4.02123e+00   -3.33188e+00   -2.52888e+00   -1.82235e+00   -1.10347e+00   -3.66179e-01    1.45506e-01    5.87731e-01    1.12060e+00    1.67465e+00    2.14948e+00    2.66080e+00    3.26357e+00    3.79446e+00    4.32244e+00    4.79836e+00    5.27082e+00    5.86116e+00    6.51717e+00    6.95716e+00    7.15880e+00    7.15708e+00    7.21586e+00    7.26690e+00    7.36148e+00    7.52017e+00    7.58872e+00    7.68207e+00    7.76803e+00    7.88457e+00    7.92310e+00    8.03860e+00    8.17872e+00    8.22308e+00    8.28565e+00    8.33255e+00    8.42804e+00    8.51237e+00    8.53538e+00    8.56514e+00    8.60184e+00    8.67183e+00    8.72303e+00    8.72535e+00    8.67387e+00    8.66072e+00    8.61995e+00    8.61827e+00    8.61993e+00
