    4.97214e+03    3.69853e+02    4.99274e+01    1.09106e+01    4.83452e+00    3.01640e+00    4.03844e+00    1.35550e+01    4.34519e+01    2.26408e+02    2.06990e+03    1.00190e+04    8.84310e+04    5.36675e+05    2.53223e+06    6.64625e+06    3.20789e+07    3.89027e+07    1.40044e+08    2.27754e+08    3.25515e+08    4.37964e+08    5.37778e+08    6.25078e+08    1.01425e+09
    4.95721e+03    3.65823e+02    4.99029e+01    1.09194e+01    4.83694e+00    3.01671e+00    4.04022e+00    1.35146e+01    4.33239e+01    2.28679e+02    2.05548e+03    1.00455e+04    8.84691e+04    5.36449e+05    2.53215e+06    6.64603e+06    3.20779e+07    3.89014e+07    1.40040e+08    2.27747e+08    3.25505e+08    4.37950e+08    5.37762e+08    6.25059e+08    1.01422e+09
    5.01679e+03    3.70984e+02    4.96729e+01    1.09200e+01    4.83614e+00    3.01839e+00    4.04230e+00    1.35045e+01    4.31532e+01    2.29639e+02    2.09783e+03    1.01776e+04    8.89826e+04    5.38642e+05    2.53476e+06    6.64872e+06    3.20829e+07    3.89119e+07    1.40061e+08    2.27781e+08    3.25554e+08    4.38016e+08    5.37842e+08    6.25153e+08    1.01437e+09
    5.01699e+03    3.71057e+02    4.98517e+01    1.09106e+01    4.83415e+00    3.01818e+00    4.04453e+00    1.35015e+01    4.30519e+01    2.30625e+02    2.09042e+03    1.01524e+04    8.94453e+04    5.40293e+05    2.53396e+06    6.64634e+06    3.20701e+07    3.88981e+07    1.40005e+08    2.27691e+08    3.25425e+08    4.37842e+08    5.37629e+08    6.24905e+08    1.01397e+09
    5.00180e+03    3.73141e+02    4.96128e+01    1.09098e+01    4.83259e+00    3.01825e+00    4.04430e+00    1.35254e+01    4.30662e+01    2.32664e+02    2.10203e+03    1.01469e+04    8.95729e+04    5.35186e+05    2.52813e+06    6.64326e+06    3.20791e+07    3.88963e+07    1.40046e+08    2.27757e+08    3.25520e+08    4.37970e+08    5.37786e+08    6.25087e+08    1.01427e+09
    4.87647e+03    3.68840e+02    4.97799e+01    1.08952e+01    4.83074e+00    3.01911e+00    4.04752e+00    1.35117e+01    4.31568e+01    2.31030e+02    2.05743e+03    1.00317e+04    8.88392e+04    5.34868e+05    2.52856e+06    6.64439e+06    3.20846e+07    3.89026e+07    1.40070e+08    2.27796e+08    3.25576e+08    4.38045e+08    5.37879e+08    6.25195e+08    1.01444e+09
    5.06096e+03    3.72163e+02    5.01141e+01    1.08879e+01    4.83166e+00    3.01874e+00    4.04477e+00    1.35236e+01    4.32695e+01    2.29806e+02    2.08478e+03    1.00949e+04    8.85980e+04    5.32666e+05    2.52740e+06    6.64301e+06    3.20818e+07    3.88963e+07    1.40058e+08    2.27777e+08    3.25548e+08    4.38007e+08    5.37832e+08    6.25140e+08    1.01435e+09
    5.20908e+03    3.73255e+02    4.98851e+01    1.08981e+01    4.83031e+00    3.01873e+00    4.04625e+00    1.35098e+01    4.33868e+01    2.29279e+02    2.08209e+03    1.00858e+04    8.85102e+04    5.32463e+05    2.52759e+06    6.64350e+06    3.20842e+07    3.88990e+07    1.40068e+08    2.27794e+08    3.25572e+08    4.38040e+08    5.37872e+08    6.25188e+08    1.01443e+09
    5.22058e+03    3.84724e+02    5.00665e+01    1.08918e+01    4.83009e+00    3.01777e+00    4.04566e+00    1.35284e+01    4.31922e+01    2.29413e+02    2.09401e+03    1.01536e+04    8.92251e+04    5.33584e+05    2.52721e+06    6.64254e+06    3.20793e+07    3.88940e+07    1.40047e+08    2.27759e+08    3.25523e+08    4.37974e+08    5.37791e+08    6.25092e+08    1.01428e+09
    5.09099e+03    3.76319e+02    5.01563e+01    1.08960e+01    4.82692e+00    3.01776e+00    4.04567e+00    1.35120e+01    4.34877e+01    2.29796e+02    2.09561e+03    1.01720e+04    8.90313e+04    5.33479e+05    2.52676e+06    6.64133e+06    3.20735e+07    3.88869e+07    1.40021e+08    2.27718e+08    3.25464e+08    4.37894e+08    5.37693e+08    6.24979e+08    1.01409e+09
