    5.97297e-05    1.46611e-04    3.06934e-04    7.96967e-04    1.91298e-03    3.25629e-03    7.07161e-03    1.26198e-02    1.89082e-02    3.43254e-02    5.47440e-02    6.98976e-02    8.74382e-02    9.04019e-02    9.20083e-02    1.00764e-01    9.39555e-02    8.68506e-02    7.46923e-02    5.11208e-02    3.81686e-02    2.89569e-02    1.91702e-02    1.36259e-02    8.37472e-03    4.80606e-03    3.00328e-03    1.40242e-03    6.20127e-04    3.16141e-04    1.39700e-04    7.10082e-05    3.56109e-05    1.55633e-05    7.76704e-06    3.77076e-06    1.84272e-06    1.06549e-06    6.84542e-07    4.00389e-07    2.33447e-07    1.45203e-07    8.70784e-08    4.76576e-08    2.80265e-08    1.65299e-08    1.02702e-08    6.40313e-09    3.54822e-09    1.84123e-09    1.18584e-09    9.69290e-10    9.70960e-10    9.15529e-10    8.69973e-10    7.91463e-10    6.75324e-10    6.30583e-10    5.74384e-10    5.27069e-10    4.69088e-10    4.51358e-10    4.02125e-10    3.49549e-10    3.34383e-10    3.14102e-10    2.99710e-10    2.72413e-10    2.50384e-10    2.44688e-10    2.37513e-10    2.28955e-10    2.13478e-10    2.02824e-10    2.02354e-10    2.13043e-10    2.15862e-10    2.24845e-10    2.25224e-10    2.24849e-10
    5.99621e-05    1.46767e-04    3.07535e-04    8.13276e-04    1.93532e-03    3.25436e-03    7.04785e-03    1.26668e-02    1.89363e-02    3.42366e-02    5.47463e-02    6.98273e-02    8.73974e-02    9.03626e-02    9.20419e-02    1.00765e-01    9.39155e-02    8.68580e-02    7.45825e-02    5.10558e-02    3.82957e-02    2.90673e-02    1.92127e-02    1.37462e-02    8.41717e-03    4.72424e-03    2.96801e-03    1.38493e-03    6.29016e-04    3.19167e-04    1.40118e-04    7.13496e-05    3.49555e-05    1.56320e-05    7.66030e-06    3.82060e-06    1.84277e-06    1.06553e-06    6.84564e-07    4.00401e-07    2.33454e-07    1.45207e-07    8.70811e-08    4.76591e-08    2.80274e-08    1.65304e-08    1.02705e-08    6.40333e-09    3.54833e-09    1.84129e-09    1.18587e-09    9.69320e-10    9.70990e-10    9.15557e-10    8.70000e-10    7.91488e-10    6.75345e-10    6.30602e-10    5.74402e-10    5.27085e-10    4.69103e-10    4.51372e-10    4.02138e-10    3.49560e-10    3.34393e-10    3.14112e-10    2.99719e-10    2.72422e-10    2.50392e-10    2.44696e-10    2.37520e-10    2.28962e-10    2.13484e-10    2.02830e-10    2.02360e-10    2.13050e-10    2.15869e-10    2.24852e-10    2.25231e-10    2.24856e-10
    5.90516e-05    1.44959e-04    3.06424e-04    7.94091e-04    1.90692e-03    3.24345e-03    7.12391e-03    1.27047e-02    1.89733e-02    3.41797e-02    5.47715e-02    6.98912e-02    8.73591e-02    9.04181e-02    9.20309e-02    1.00628e-01    9.38980e-02    8.67578e-02    7.45366e-02    5.10860e-02    3.82729e-02    2.90826e-02    1.92821e-02    1.38049e-02    8.42860e-03    4.78447e-03    2.95224e-03    1.37537e-03    6.18348e-04    3.11610e-04    1.38093e-04    6.86858e-05    3.50458e-05    1.56296e-05    7.71257e-06    3.74704e-06    1.82170e-06    1.06363e-06    6.84461e-07    3.97179e-07    2.33419e-07    1.45186e-07    8.70680e-08    4.76519e-08    2.80232e-08    1.65279e-08    1.02690e-08    6.40236e-09    3.54780e-09    1.84101e-09    1.18569e-09    9.69174e-10    9.70844e-10    9.15420e-10    8.69869e-10    7.91369e-10    6.75243e-10    6.30508e-10    5.74316e-10    5.27006e-10    4.69033e-10    4.51304e-10    4.02078e-10    3.49507e-10    3.34343e-10    3.14064e-10    2.99674e-10    2.72381e-10    2.50354e-10    2.44659e-10    2.37484e-10    2.28928e-10    2.13452e-10    2.02800e-10    2.02330e-10    2.13018e-10    2.15837e-10    2.24819e-10    2.25197e-10    2.24822e-10
    5.94038e-05    1.44111e-04    3.07671e-04    7.92524e-04    1.91442e-03    3.21713e-03    7.07586e-03    1.26959e-02    1.89374e-02    3.42811e-02    5.47540e-02    6.99731e-02    8.73885e-02    9.04409e-02    9.19765e-02    1.00676e-01    9.39097e-02    8.67888e-02    7.43839e-02    5.10813e-02    3.82182e-02    2.91562e-02    1.92456e-02    1.38057e-02    8.48823e-03    4.78952e-03    2.91907e-03    1.37902e-03    6.12447e-04    3.12722e-04    1.38812e-04    7.05842e-05    3.44559e-05    1.56225e-05    7.61067e-06    3.74853e-06    1.82025e-06    1.04799e-06    6.84733e-07    3.97337e-07    2.33512e-07    1.45243e-07    8.71026e-08    4.76708e-08    2.80343e-08    1.65345e-08    1.02730e-08    6.40491e-09    3.54921e-09    1.84174e-09    1.18616e-09    9.69559e-10    9.71229e-10    9.15783e-10    8.70214e-10    7.91683e-10    6.75511e-10    6.30758e-10    5.74544e-10    5.27215e-10    4.69219e-10    4.51483e-10    4.02237e-10    3.49646e-10    3.34475e-10    3.14189e-10    2.99793e-10    2.72489e-10    2.50454e-10    2.44756e-10    2.37579e-10    2.29019e-10    2.13537e-10    2.02880e-10    2.02410e-10    2.13102e-10    2.15922e-10    2.24908e-10    2.25287e-10    2.24912e-10
    5.93247e-05    1.45789e-04    3.05573e-04    7.89120e-04    1.88772e-03    3.25227e-03    7.14733e-03    1.27021e-02    1.89649e-02    3.42700e-02    5.47540e-02    6.99701e-02    8.73950e-02    9.05278e-02    9.20485e-02    1.00620e-01    9.38542e-02    8.67767e-02    7.44477e-02    5.10836e-02    3.82093e-02    2.90310e-02    1.92447e-02    1.37965e-02    8.51908e-03    4.74419e-03    2.89309e-03    1.36431e-03    6.09811e-04    3.13034e-04    1.36705e-04    7.01241e-05    3.51674e-05    1.55399e-05    7.60845e-06    3.69742e-06    1.81972e-06    1.07495e-06    6.84533e-07    4.06261e-07    2.33443e-07    1.45201e-07    8.70772e-08    4.76569e-08    2.80261e-08    1.65296e-08    1.02701e-08    6.40304e-09    3.54817e-09    1.84120e-09    1.18582e-09    9.69276e-10    9.70946e-10    9.15516e-10    8.69961e-10    7.91452e-10    6.75314e-10    6.30574e-10    5.74376e-10    5.27061e-10    4.69082e-10    4.51351e-10    4.02120e-10    3.49544e-10    3.34378e-10    3.14097e-10    2.99705e-10    2.72409e-10    2.50381e-10    2.44685e-10    2.37509e-10    2.28952e-10    2.13475e-10    2.02821e-10    2.02351e-10    2.13040e-10    2.15859e-10    2.24842e-10    2.25221e-10    2.24846e-10
    6.20162e-05    1.49153e-04    3.07517e-04    7.99175e-04    1.92969e-03    3.20970e-03    7.13308e-03    1.26384e-02    1.89990e-02    3.43324e-02    5.48127e-02    7.00583e-02    8.74479e-02    9.04785e-02    9.20093e-02    1.00559e-01    9.39062e-02    8.67462e-02    7.42518e-02    5.10295e-02    3.83569e-02    2.90107e-02    1.92662e-02    1.38136e-02    8.48745e-03    4.68621e-03    2.92820e-03    1.37768e-03    6.14986e-04    3.18575e-04    1.42154e-04    7.11407e-05    3.50928e-05    1.55373e-05    7.72388e-06    3.75992e-06    1.81941e-06    1.07477e-06    6.84415e-07    4.06191e-07    2.33403e-07    1.45176e-07    8.70622e-08    4.76487e-08    2.80213e-08    1.65268e-08    1.02683e-08    6.40193e-09    3.54756e-09    1.84089e-09    1.18561e-09    9.69109e-10    9.70779e-10    9.15358e-10    8.69810e-10    7.91315e-10    6.75198e-10    6.30465e-10    5.74277e-10    5.26970e-10    4.69001e-10    4.51274e-10    4.02050e-10    3.49484e-10    3.34320e-10    3.14043e-10    2.99654e-10    2.72362e-10    2.50338e-10    2.44643e-10    2.37468e-10    2.28912e-10    2.13438e-10    2.02786e-10    2.02316e-10    2.13003e-10    2.15822e-10    2.24803e-10    2.25182e-10    2.24807e-10
    5.89828e-05    1.42871e-04    3.03604e-04    7.93152e-04    1.90669e-03    3.21276e-03    7.01978e-03    1.26064e-02    1.89982e-02    3.43548e-02    5.48937e-02    7.00364e-02    8.73945e-02    9.04973e-02    9.20387e-02    1.00585e-01    9.38641e-02    8.67960e-02    7.42698e-02    5.12089e-02    3.83366e-02    2.89251e-02    1.92866e-02    1.37885e-02    8.40238e-03    4.74638e-03    2.93878e-03    1.38573e-03    6.18189e-04    3.13863e-04    1.38606e-04    7.03267e-05    3.50965e-05    1.56719e-05    7.72455e-06    3.76025e-06    1.83423e-06    1.07486e-06    6.92132e-07    4.06227e-07    2.33424e-07    1.45188e-07    8.70697e-08    4.76529e-08    2.80237e-08    1.65282e-08    1.02692e-08    6.40249e-09    3.54787e-09    1.84105e-09    1.18572e-09    9.69193e-10    9.70863e-10    9.15438e-10    8.69886e-10    7.91384e-10    6.75257e-10    6.30520e-10    5.74327e-10    5.27016e-10    4.69042e-10    4.51313e-10    4.02085e-10    3.49514e-10    3.34349e-10    3.14071e-10    2.99680e-10    2.72386e-10    2.50359e-10    2.44664e-10    2.37489e-10    2.28932e-10    2.13457e-10    2.02804e-10    2.02333e-10    2.13022e-10    2.15841e-10    2.24823e-10    2.25202e-10    2.24827e-10
    5.68974e-05    1.37906e-04    3.00651e-04    7.83986e-04    1.91353e-03    3.20478e-03    7.08241e-03    1.26719e-02    1.89496e-02    3.43401e-02    5.47924e-02    7.01073e-02    8.73691e-02    9.05795e-02    9.20712e-02    1.00561e-01    9.38555e-02    8.67523e-02    7.42096e-02    5.12079e-02    3.83467e-02    2.89728e-02    1.93335e-02    1.37479e-02    8.35551e-03    4.74519e-03    2.95916e-03    1.38829e-03    6.10658e-04    3.16345e-04    1.38315e-04    7.09488e-05    3.52380e-05    1.54028e-05    7.72397e-06    3.80717e-06    1.83409e-06    1.07478e-06    6.92080e-07    4.06196e-07    2.33406e-07    1.45177e-07    8.70632e-08    4.76493e-08    2.80216e-08    1.65270e-08    1.02684e-08    6.40201e-09    3.54760e-09    1.84091e-09    1.18563e-09    9.69120e-10    9.70790e-10    9.15369e-10    8.69820e-10    7.91324e-10    6.75205e-10    6.30472e-10    5.74284e-10    5.26976e-10    4.69006e-10    4.51279e-10    4.02055e-10    3.49488e-10    3.34324e-10    3.14047e-10    2.99657e-10    2.72365e-10    2.50340e-10    2.44646e-10    2.37471e-10    2.28915e-10    2.13440e-10    2.02788e-10    2.02318e-10    2.13006e-10    2.15825e-10    2.24806e-10    2.25185e-10    2.24810e-10
    5.72775e-05    1.38003e-04    2.96403e-04    7.62178e-04    1.84007e-03    3.12805e-03    7.06449e-03    1.26877e-02    1.88896e-02    3.44255e-02    5.48293e-02    6.99611e-02    8.73937e-02    9.06671e-02    9.21829e-02    1.00492e-01    9.38845e-02    8.68389e-02    7.42194e-02    5.11707e-02    3.83250e-02    2.88741e-02    1.93416e-02    1.38180e-02    8.39580e-03    4.78131e-03    2.95156e-03    1.38388e-03    6.13246e-04    3.12496e-04    1.37985e-04    7.04563e-05    3.47966e-05    1.54076e-05    7.70736e-06    3.75581e-06    1.79680e-06    1.07716e-06    6.92185e-07    4.06258e-07    2.33441e-07    1.45200e-07    8.70764e-08    4.76565e-08    2.80259e-08    1.65295e-08    1.02700e-08    6.40298e-09    3.54814e-09    1.84119e-09    1.18581e-09    9.69268e-10    9.70938e-10    9.15508e-10    8.69953e-10    7.91445e-10    6.75308e-10    6.30568e-10    5.74371e-10    5.27057e-10    4.69078e-10    4.51347e-10    4.02116e-10    3.49541e-10    3.34375e-10    3.14095e-10    2.99703e-10    2.72407e-10    2.50378e-10    2.44683e-10    2.37507e-10    2.28950e-10    2.13473e-10    2.02819e-10    2.02349e-10    2.13038e-10    2.15858e-10    2.24840e-10    2.25219e-10    2.24844e-10
    5.85999e-05    1.42588e-04    2.99517e-04    7.89822e-04    1.87816e-03    3.16650e-03    7.01125e-03    1.26805e-02    1.88373e-02    3.44325e-02    5.47912e-02    7.00563e-02    8.74772e-02    9.06510e-02    9.22545e-02    1.00477e-01    9.38020e-02    8.68921e-02    7.42308e-02    5.11130e-02    3.83597e-02    2.89624e-02    1.93532e-02    1.36807e-02    8.39610e-03    4.65197e-03    2.96713e-03    1.38063e-03    6.20178e-04    3.13408e-04    1.36715e-04    6.94939e-05    3.48794e-05    1.56253e-05    7.70876e-06    3.75649e-06    1.79713e-06    1.07735e-06    6.92311e-07    4.06331e-07    2.33484e-07    1.45226e-07    8.70922e-08    4.76652e-08    2.80310e-08    1.65325e-08    1.02718e-08    6.40414e-09    3.54878e-09    1.84152e-09    1.18602e-09    9.69444e-10    9.71114e-10    9.15674e-10    8.70111e-10    7.91589e-10    6.75431e-10    6.30683e-10    5.74475e-10    5.27152e-10    4.69163e-10    4.51429e-10    4.02189e-10    3.49604e-10    3.34436e-10    3.14152e-10    2.99757e-10    2.72456e-10    2.50424e-10    2.44727e-10    2.37550e-10    2.28991e-10    2.13512e-10    2.02856e-10    2.02386e-10    2.13077e-10    2.15897e-10    2.24881e-10    2.25260e-10    2.24885e-10
