    1.19459e-03    2.93223e-03    6.13869e-03    1.59393e-02    3.82596e-02    6.51258e-02    1.41432e-01    2.52396e-01    3.78163e-01    6.86507e-01    1.09488e+00    1.39795e+00    1.74876e+00    1.80804e+00    1.84017e+00    2.01528e+00    1.87911e+00    1.73701e+00    1.49385e+00    1.02242e+00    7.63371e-01    5.79137e-01    3.83404e-01    2.72518e-01    1.67494e-01    9.61212e-02    6.00656e-02    2.80484e-02    1.24025e-02    6.32281e-03    2.79400e-03    1.42016e-03    7.12218e-04    3.11267e-04    1.55341e-04    7.54152e-05    3.68543e-05    2.13099e-05    1.36908e-05    8.00778e-06    4.66893e-06    2.90406e-06    1.74157e-06    9.53152e-07    5.60531e-07    3.30597e-07    2.05404e-07    1.28063e-07    7.09644e-08    3.68246e-08    2.37167e-08    1.93858e-08    1.94192e-08    1.83106e-08    1.73995e-08    1.58293e-08    1.35065e-08    1.26117e-08    1.14877e-08    1.05414e-08    9.38177e-09    9.02715e-09    8.04251e-09    6.99098e-09    6.68765e-09    6.28204e-09    5.99419e-09    5.44826e-09    5.00768e-09    4.89377e-09    4.75025e-09    4.57910e-09    4.26956e-09    4.05648e-09    4.04707e-09    4.26086e-09    4.31725e-09    4.49691e-09    4.50448e-09    4.49698e-09
    1.19924e-03    2.93534e-03    6.15071e-03    1.62655e-02    3.87064e-02    6.50871e-02    1.40957e-01    2.53336e-01    3.78725e-01    6.84733e-01    1.09493e+00    1.39655e+00    1.74795e+00    1.80725e+00    1.84084e+00    2.01531e+00    1.87831e+00    1.73716e+00    1.49165e+00    1.02112e+00    7.65915e-01    5.81345e-01    3.84254e-01    2.74923e-01    1.68343e-01    9.44848e-02    5.93602e-02    2.76985e-02    1.25803e-02    6.38334e-03    2.80237e-03    1.42699e-03    6.99111e-04    3.12639e-04    1.53206e-04    7.64120e-05    3.68555e-05    2.13106e-05    1.36913e-05    8.00802e-06    4.66908e-06    2.90415e-06    1.74162e-06    9.53181e-07    5.60548e-07    3.30608e-07    2.05410e-07    1.28067e-07    7.09666e-08    3.68257e-08    2.37174e-08    1.93864e-08    1.94198e-08    1.83111e-08    1.74000e-08    1.58298e-08    1.35069e-08    1.26120e-08    1.14880e-08    1.05417e-08    9.38206e-09    9.02743e-09    8.04276e-09    6.99120e-09    6.68786e-09    6.28223e-09    5.99438e-09    5.44843e-09    5.00784e-09    4.89392e-09    4.75040e-09    4.57924e-09    4.26969e-09    4.05660e-09    4.04720e-09    4.26099e-09    4.31738e-09    4.49705e-09    4.50462e-09    4.49712e-09
    1.18103e-03    2.89918e-03    6.12847e-03    1.58818e-02    3.81385e-02    6.48690e-02    1.42478e-01    2.54094e-01    3.79466e-01    6.83593e-01    1.09543e+00    1.39782e+00    1.74718e+00    1.80836e+00    1.84062e+00    2.01256e+00    1.87796e+00    1.73516e+00    1.49073e+00    1.02172e+00    7.65457e-01    5.81651e-01    3.85643e-01    2.76098e-01    1.68572e-01    9.56894e-02    5.90448e-02    2.75075e-02    1.23670e-02    6.23220e-03    2.76186e-03    1.37372e-03    7.00916e-04    3.12592e-04    1.54251e-04    7.49408e-05    3.64340e-05    2.12727e-05    1.36892e-05    7.94358e-06    4.66838e-06    2.90371e-06    1.74136e-06    9.53038e-07    5.60464e-07    3.30558e-07    2.05379e-07    1.28047e-07    7.09560e-08    3.68202e-08    2.37139e-08    1.93835e-08    1.94169e-08    1.83084e-08    1.73974e-08    1.58274e-08    1.35049e-08    1.26102e-08    1.14863e-08    1.05401e-08    9.38065e-09    9.02608e-09    8.04155e-09    6.99015e-09    6.68685e-09    6.28129e-09    5.99348e-09    5.44761e-09    5.00709e-09    4.89319e-09    4.74969e-09    4.57855e-09    4.26905e-09    4.05599e-09    4.04659e-09    4.26035e-09    4.31674e-09    4.49637e-09    4.50395e-09    4.49645e-09
    1.18808e-03    2.88222e-03    6.15343e-03    1.58505e-02    3.82884e-02    6.43426e-02    1.41517e-01    2.53918e-01    3.78748e-01    6.85621e-01    1.09508e+00    1.39946e+00    1.74777e+00    1.80882e+00    1.83953e+00    2.01352e+00    1.87819e+00    1.73578e+00    1.48768e+00    1.02163e+00    7.64364e-01    5.83123e-01    3.84912e-01    2.76114e-01    1.69765e-01    9.57905e-02    5.83814e-02    2.75804e-02    1.22489e-02    6.25444e-03    2.77625e-03    1.41168e-03    6.89117e-04    3.12451e-04    1.52213e-04    7.49705e-05    3.64050e-05    2.09598e-05    1.36947e-05    7.94674e-06    4.67023e-06    2.90486e-06    1.74205e-06    9.53417e-07    5.60686e-07    3.30689e-07    2.05461e-07    1.28098e-07    7.09841e-08    3.68348e-08    2.37233e-08    1.93912e-08    1.94246e-08    1.83157e-08    1.74043e-08    1.58337e-08    1.35102e-08    1.26152e-08    1.14909e-08    1.05443e-08    9.38438e-09    9.02966e-09    8.04474e-09    6.99292e-09    6.68951e-09    6.28378e-09    5.99586e-09    5.44978e-09    5.00908e-09    4.89513e-09    4.75157e-09    4.58037e-09    4.27074e-09    4.05760e-09    4.04820e-09    4.26204e-09    4.31845e-09    4.49816e-09    4.50573e-09    4.49823e-09
    1.18649e-03    2.91579e-03    6.11145e-03    1.57824e-02    3.77544e-02    6.50454e-02    1.42947e-01    2.54041e-01    3.79299e-01    6.85400e-01    1.09508e+00    1.39940e+00    1.74790e+00    1.81056e+00    1.84097e+00    2.01240e+00    1.87708e+00    1.73553e+00    1.48895e+00    1.02167e+00    7.64185e-01    5.80620e-01    3.84894e-01    2.75930e-01    1.70382e-01    9.48837e-02    5.78617e-02    2.72863e-02    1.21962e-02    6.26067e-03    2.73409e-03    1.40248e-03    7.03349e-04    3.10799e-04    1.52169e-04    7.39484e-05    3.63944e-05    2.14991e-05    1.36907e-05    8.12523e-06    4.66887e-06    2.90402e-06    1.74154e-06    9.53139e-07    5.60523e-07    3.30593e-07    2.05401e-07    1.28061e-07    7.09634e-08    3.68241e-08    2.37164e-08    1.93855e-08    1.94189e-08    1.83103e-08    1.73992e-08    1.58290e-08    1.35063e-08    1.26115e-08    1.14875e-08    1.05412e-08    9.38164e-09    9.02703e-09    8.04240e-09    6.99088e-09    6.68756e-09    6.28195e-09    5.99411e-09    5.44819e-09    5.00761e-09    4.89370e-09    4.75019e-09    4.57904e-09    4.26950e-09    4.05642e-09    4.04702e-09    4.26080e-09    4.31719e-09    4.49685e-09    4.50442e-09    4.49692e-09
    1.24032e-03    2.98306e-03    6.15033e-03    1.59835e-02    3.85937e-02    6.41940e-02    1.42662e-01    2.52768e-01    3.79979e-01    6.86648e-01    1.09625e+00    1.40117e+00    1.74896e+00    1.80957e+00    1.84019e+00    2.01118e+00    1.87812e+00    1.73492e+00    1.48504e+00    1.02059e+00    7.67139e-01    5.80214e-01    3.85325e-01    2.76273e-01    1.69749e-01    9.37242e-02    5.85640e-02    2.75536e-02    1.22997e-02    6.37151e-03    2.84308e-03    1.42281e-03    7.01856e-04    3.10745e-04    1.54478e-04    7.51984e-05    3.63881e-05    2.14954e-05    1.36883e-05    8.12382e-06    4.66806e-06    2.90352e-06    1.74124e-06    9.52974e-07    5.60426e-07    3.30536e-07    2.05366e-07    1.28039e-07    7.09512e-08    3.68177e-08    2.37123e-08    1.93822e-08    1.94156e-08    1.83072e-08    1.73962e-08    1.58263e-08    1.35040e-08    1.26093e-08    1.14855e-08    1.05394e-08    9.38002e-09    9.02547e-09    8.04101e-09    6.98968e-09    6.68640e-09    6.28086e-09    5.99307e-09    5.44725e-09    5.00675e-09    4.89286e-09    4.74937e-09    4.57825e-09    4.26876e-09    4.05572e-09    4.04632e-09    4.26006e-09    4.31644e-09    4.49607e-09    4.50364e-09    4.49614e-09
    1.17966e-03    2.85742e-03    6.07208e-03    1.58630e-02    3.81337e-02    6.42553e-02    1.40396e-01    2.52128e-01    3.79964e-01    6.87096e-01    1.09787e+00    1.40073e+00    1.74789e+00    1.80995e+00    1.84077e+00    2.01171e+00    1.87728e+00    1.73592e+00    1.48540e+00    1.02418e+00    7.66733e-01    5.78502e-01    3.85732e-01    2.75771e-01    1.68048e-01    9.49277e-02    5.87756e-02    2.77147e-02    1.23638e-02    6.27725e-03    2.77211e-03    1.40653e-03    7.01931e-04    3.13439e-04    1.54491e-04    7.52049e-05    3.66846e-05    2.14972e-05    1.38426e-05    8.12453e-06    4.66847e-06    2.90377e-06    1.74139e-06    9.53057e-07    5.60475e-07    3.30565e-07    2.05383e-07    1.28050e-07    7.09574e-08    3.68209e-08    2.37143e-08    1.93839e-08    1.94173e-08    1.83088e-08    1.73977e-08    1.58277e-08    1.35051e-08    1.26104e-08    1.14865e-08    1.05403e-08    9.38084e-09    9.02626e-09    8.04171e-09    6.99028e-09    6.68698e-09    6.28141e-09    5.99359e-09    5.44772e-09    5.00719e-09    4.89328e-09    4.74978e-09    4.57864e-09    4.26913e-09    4.05607e-09    4.04667e-09    4.26044e-09    4.31682e-09    4.49646e-09    4.50403e-09    4.49653e-09
    1.13795e-03    2.75811e-03    6.01303e-03    1.56797e-02    3.82706e-02    6.40955e-02    1.41648e-01    2.53439e-01    3.78992e-01    6.86801e-01    1.09585e+00    1.40215e+00    1.74738e+00    1.81159e+00    1.84142e+00    2.01123e+00    1.87711e+00    1.73505e+00    1.48419e+00    1.02416e+00    7.66933e-01    5.79456e-01    3.86670e-01    2.74958e-01    1.67110e-01    9.49039e-02    5.91831e-02    2.77659e-02    1.22132e-02    6.32691e-03    2.76631e-03    1.41898e-03    7.04761e-04    3.08056e-04    1.54479e-04    7.61433e-05    3.66818e-05    2.14956e-05    1.38416e-05    8.12392e-06    4.66812e-06    2.90355e-06    1.74126e-06    9.52985e-07    5.60433e-07    3.30540e-07    2.05368e-07    1.28040e-07    7.09520e-08    3.68182e-08    2.37126e-08    1.93824e-08    1.94158e-08    1.83074e-08    1.73964e-08    1.58265e-08    1.35041e-08    1.26094e-08    1.14857e-08    1.05395e-08    9.38013e-09    9.02557e-09    8.04110e-09    6.98976e-09    6.68648e-09    6.28094e-09    5.99314e-09    5.44731e-09    5.00681e-09    4.89291e-09    4.74942e-09    4.57830e-09    4.26881e-09    4.05576e-09    4.04636e-09    4.26011e-09    4.31649e-09    4.49612e-09    4.50369e-09    4.49619e-09
    1.14555e-03    2.76006e-03    5.92806e-03    1.52436e-02    3.68014e-02    6.25609e-02    1.41290e-01    2.53754e-01    3.77792e-01    6.88509e-01    1.09659e+00    1.39922e+00    1.74787e+00    1.81334e+00    1.84366e+00    2.00983e+00    1.87769e+00    1.73678e+00    1.48439e+00    1.02341e+00    7.66501e-01    5.77482e-01    3.86832e-01    2.76360e-01    1.67916e-01    9.56263e-02    5.90312e-02    2.76777e-02    1.22649e-02    6.24991e-03    2.75971e-03    1.40913e-03    6.95932e-04    3.08153e-04    1.54147e-04    7.51162e-05    3.59361e-05    2.15431e-05    1.38437e-05    8.12515e-06    4.66883e-06    2.90399e-06    1.74153e-06    9.53130e-07    5.60518e-07    3.30590e-07    2.05399e-07    1.28060e-07    7.09628e-08    3.68238e-08    2.37162e-08    1.93854e-08    1.94188e-08    1.83102e-08    1.73991e-08    1.58289e-08    1.35062e-08    1.26114e-08    1.14874e-08    1.05411e-08    9.38156e-09    9.02695e-09    8.04233e-09    6.99082e-09    6.68750e-09    6.28189e-09    5.99405e-09    5.44814e-09    5.00757e-09    4.89366e-09    4.75015e-09    4.57900e-09    4.26946e-09    4.05638e-09    4.04698e-09    4.26076e-09    4.31715e-09    4.49681e-09    4.50438e-09    4.49688e-09
    1.17200e-03    2.85177e-03    5.99035e-03    1.57964e-02    3.75632e-02    6.33299e-02    1.40225e-01    2.53611e-01    3.76746e-01    6.88651e-01    1.09582e+00    1.40113e+00    1.74954e+00    1.81302e+00    1.84509e+00    2.00954e+00    1.87604e+00    1.73784e+00    1.48462e+00    1.02226e+00    7.67193e-01    5.79248e-01    3.87065e-01    2.73615e-01    1.67922e-01    9.30393e-02    5.93426e-02    2.76127e-02    1.24036e-02    6.26816e-03    2.73429e-03    1.38988e-03    6.97587e-04    3.12506e-04    1.54175e-04    7.51298e-05    3.59426e-05    2.15470e-05    1.38462e-05    8.12663e-06    4.66968e-06    2.90452e-06    1.74184e-06    9.53303e-07    5.60620e-07    3.30650e-07    2.05436e-07    1.28083e-07    7.09757e-08    3.68304e-08    2.37205e-08    1.93889e-08    1.94223e-08    1.83135e-08    1.74022e-08    1.58318e-08    1.35086e-08    1.26137e-08    1.14895e-08    1.05430e-08    9.38326e-09    9.02859e-09    8.04378e-09    6.99209e-09    6.68871e-09    6.28303e-09    5.99514e-09    5.44913e-09    5.00848e-09    4.89455e-09    4.75101e-09    4.57983e-09    4.27023e-09    4.05712e-09    4.04771e-09    4.26154e-09    4.31793e-09    4.49762e-09    4.50520e-09    4.49770e-09
